697737283933891	
1889462117809887	
279814545967497	
332042367362035	
712532012432970	
1273867946087446	
287796475160485	
288588941973540	
1445427702268093	
301251297358826	
231159474421053	
1884810534919607	
1740817766043916	
538249513292605	
2152555701730069	
232407394104260	
315869929146394	
236588207014079	
1853321941383180	
278117552798227	
719684931716826	
531314990624686	
289040441925898	
268264443807211	
465812163913537	
1865031073578540	
571547013261436	
695661060820317	
680159502353785	
1838660646181716	
382013635667892	
294098241409514	
259616731558180	
463848574021599	
1816454015142133	
344589249416615	
256376941679799	
1212427772230870	
461324751054859	
885315648345488	
232322757460052	
431507583920659	
478608609287236	
1529600960474637	
1946373562326805	
2054068384904062	
523354328077832	
1061058047387786	
256119488365545	
1684695028308483	
525326811262925	
534008027012593	
2201109393503525	
698801203820885	
589853444762598	
244898782836677	
351871082021919	
691238811226911	
241920933192452	
356898588226220	
267503900553542	
1476170329151825	
242348426335449	
270095370381919	
333958704013722	
1659773137484966	
252888992223926	
886860368163889	
1755547161210194	
2063292470372145	
745407702463057	
281226856004243	
530740570697855	
2065927627052092	
530723907390378	
318191882085681	
2122842124600434	
497393534006121	
225092061500869	
2133533893557567	
470261520119584	
1897864007174819	
433034357184138	
657099967996320	
892809520904820	
1921595447863294	
1921499124539593	
1920475771308595	
1919742014715304	
1919646724724833	
1918014381554734	
1917921084897397	
1917848224904683	
1916403511715821	
1914561935233312	
1913464758676363	
1911067198916119	
1909388675750638	
1908478459174993	
1907789665910539	
1907677882588384	
1906035836085922	
1905058056183700	
1904424959580343	
1901181656571340	
1899483326741173	
1897897380233101	
1896883017001204	
1895225590500280	
1895002897189216	
1894952280527611	
1893568470665992	
1892926200730219	
1891994187490087	
1888214901201349	
1884084558281050	
1884059271616912	
1884039148285591	
1884035371619302	
1883977441625095	
1882422831780556	
1882420245114148	
1882387281784111	
1882384475117725	
1882367955119377	
1882351618454344	
1872854996070673	
1872828569406649	
1872190072803832	
1869557546400418	
1867433833279456	
1865946436761529	
1864477240241782	
1863532927002880	
1863440993678740	
1861859607170212	
1858058467550326	
1856563571033149	
1856516617704511	
1856499351039571	
1856410277715145	
1855605107795662	
1853300248026148	
1852353248120848	
1851685321520974	
1850889528267220	
1850790531610453	
1847637101925796	
1847004278655745	
1845478445474995	
1843942805628559	
1843062405716599	
1841494389206734	
1837721182917388	
1834641853225321	
1833100470046126	
1833043240051849	
1831001243589382	
1830957070260466	
1830923406930499	
1829219970434176	
1828877973801709	
1828087713880735	
1826661134023393	
1825289684160538	
1823964857626354	
1822949894394517	
1821886264500880	
1820679407954899	
1820167778006062	
1819435504745956	
1818342111521962	
1817332981622875	
1814313595258147	
1813257852030388	
1812222242133949	
1810730418949798	
1810151435674363	
1809709722385201	
1809113129111527	
1808678659154974	
1808603895829117	
1808103872545786	
1808001682556005	
1807953185894188	
1807715719251268	
1807101995979307	
1806573479365492	
1801701689852671	
1797119486977558	
1796740513682122	
1795226187166888	
1792313844124789	
1789044311118409	
1788092744546899	
1787539927935514	
1787125067977000	
1786512304704943	
1786043788085128	
1785491934806980	
1785464341476406	
1785021114854062	
1785010101521830	
1783985311624309	
1783419191680921	
1782972861725554	
1781974011825439	
1781344015221772	
1780861695270004	
1780309941991846	
1779882615367912	
1779337612089079	
1778891718800335	
1778424075513766	
1778341168855390	
1777901958899311	
1777311878958319	
1776873975668776	
1776313819058125	
1775874092435431	
1775252742497566	
1774767945879379	
1773887632634077	
1773798832642957	
1773265906029583	
1772796736076500	
1771778509511656	
1771226569566850	
1769829373039903	
1767775173245323	
1767224539967053	
1766244596731714	
1765234966832677	
1764219990267508	
1763229027033271	
1762855217070652	
1762224830467024	
1761148013908039	
1760118954010945	
1759036130785894	
1758618904160950	
1757990794223761	
1757566994266141	
1754553067900867	
1752576588098515	
1749884305034410	
1747953385227502	
1746922555330585	
1743868498969324	
1743401375682703	
1742744199081754	
1742340992455408	
1737565079599666	
1736471953042312	
1735389909817183	
1734965926526248	
1728241707198670	
1717470481609126	
1711914395498068	
1710865452269629	
1710378655651642	
1709828175706690	
1709778669044974	
1708733159149525	
1707233062632868	
1705449379477903	
1704558846233623	
1702545266434981	
1702058399817001	
1701408823215292	
1700088290014012	
1699484966741011	
1699440073412167	
1699023746787133	
1699010440121797	
1698355206853987	
1697268026962705	
1694418973914277	
1692447857444722	
1690574637632044	
1689302507759257	
1688504754505699	
1687461624610012	
1686963114659863	
1685051998184308	
1679341552088686	
1674073289282179	
1667014549988053	
1665998876756287	
1662629890426519	
1661743177181857	
1659737740715734	
1658794834143358	
1657600784262763	
1656639161025592	
1656615984361243	
1655693427786832	
1655683007787874	
1654809624541879	
1653953814627460	
1653940571295451	
1653057994717042	
1651108514911990	
1650201238336051	
1649279735094868	
1649275431761965	
1649256298430545	
1648329471856561	
1647395715283270	
1646966875326154	
1645544598801715	
1644574102232098	
1643624468993728	
1643170832372425	
1642612095761632	
1642542902435218	
1641526929203482	
1640580922631416	
1639614612728047	
1638644572825051	
1637312142958294	
1636663393023169	
1636660216356820	
1623613624328146	
1623064567716385	
1623044164385092	
1622798067743035	
1620777091278466	
1615913491764826	
1615380051818170	
1615031375186371	
1614953968527445	
1613937468629095	
1613058075383701	
1612988815390627	
1612299488792893	
1612038842152291	
1611140432242132	
1611083928914449	
1610397978983044	
1610163955673113	
1610105572345618	
1609464552409720	
1609230145766494	
1609166895772819	
1607362019286640	
1607300032626172	
1606677876021721	
1606436289379213	
1606376862718489	
1605887292767446	
1605511532805022	
1605449322811243	
1604831452873030	
1604588746230634	
1604536806235828	
1603923382963837	
1603708752985300	
1603657569657085	
1602799613076214	
1602741903081985	
1602211826468326	
1601855476503961	
1601804086509100	
1601181463238029	
1600976843258491	
1600947683261407	
1600902939932548	
1600030090019833	
1599992606690248	
1599964716693037	
1599952346694274	
1598540150168827	
1598412270181615	
1597605483595627	
1597600693596106	
1597596500263192	
1597588353597340	
1597584376931071	
1597578286931680	
1596522877037221	
1596104300412412	
1595542657135243	
1595194693836706	
1594541743902001	
1594158203940355	
1593570060665836	
1592595450763297	
1592172940805548	
1591596927529816	
1591158490906993	
1589429424413233	
1588871341135708	
1588559087833600	
1586100338079475	
1582284488461060	
1581232831899559	
1581217511901091	
1580827661940076	
1579930492029793	
1578401218849387	
1573935359295973	
1573542209335288	
1573023709387138	
1572610146095161	
1572072822815560	
1570851156271060	
1570217189667790	
1569975326358643	
1569428226413353	
1569064463116396	
1568573976498778	
1567806083242234	
1567774996578676	
1567445886611587	
1566992133323629	
1566635300025979	
1566179893404853	
1565858980103611	
1565416246814551	
1565088370180672	
1565031963519646	
1564555463567296	
1564219796934196	
1564176836938492	
1563672756988900	
1563292573693585	
1563229767033199	
1562750080414501	
1562422197113956	
1562371247119051	
1561887113834131	
1561514653871377	
1561452543877588	
1560947023928140	
1560445010645008	
1560318130657696	
1559737134049129	
1559404957415680	
1559354660754043	
1558557660833743	
1558506774172165	
1558000820889427	
1557785340910975	
1557611234261719	
1557564794266363	
1557067994316043	
1556694841020025	
1556167534406089	
1555752884447554	
1555700054452837	
1555249014497941	
1554915587864617	
1554860514536791	
1554364831253026	
1554022694620573	
1553966124626230	
1553497174673125	
1553150931374416	
1553107711378738	
1552592738096902	
1552294994793343	
1552249818131194	
1551740221515487	
1551367471552762	
1551312688224907	
1550829478273228	
1550511764971666	
1550453814977461	
1549978401691669	
1549677561721753	
1549634228392753	
1548862951803214	
1548811368475039	
1548091951880314	
1548036008552575	
1547990195223823	
1547243785298464	
1546356062053903	
1543995735623269	
1543114549044721	
1543072855715557	
1542138592475650	
1542125189143657	
1542122382477271	
1541159289240247	
1541136785909164	
1540795285943314	
1538990896123753	
1538977192791790	
1538165119539664	
1538106596212183	
1537582189597957	
1537205886302254	
1537156506307192	
1536598913029618	
1536196203069889	
1536151603074349	
1535677176455125	
1535333766489466	
1535264556496387	
1534766683212841	
1534443029911873	
1534414383248071	
1534394786583364	
1533897803299729	
1533533506669492	
1533529456669897	
1533479270008249	
1532605130095663	
1532558113433698	
1531892403500269	
1531657866857056	
1531151333574376	
1530800380276138	
1530746580281518	
1529902057032637	
1529843157038527	
1528938693795640	
1528882850467891	
1528018353887674	
1527970963892413	
1527085180647658	
1527035480652628	
1526141560742020	
1526122770743899	
1526074110748765	
1525193417503501	
1525136320842544	
1524196134269896	
1524145760941600	
1523343064355203	
1523278924361617	
1522421894447320	
1522369807785862	
1521330987889744	
1520365354652974	
1520294591326717	
1518369321519244	
1517482994941210	
1514215595267950	
1512389518783891	
1512048655484644	
1509116012444575	
1503993806290129	
1500965383259638	
1499901273366049	
1498825066807003	
1498780040144839	
1498675826821927	
1497644330258410	
1495679800454863	
1495069110515932	
1494684787221031	
1493994173956759	
1492986610724182	
1477022172320626	
1476093709080139	
1475137925842384	
1474191065937070	
1469694169720093	
1462385023784341	
1461330870556423	
1461318377224339	
1459745644048279	
1452339528122224	
1435434689812708	
1434498799906297	
1433500373339473	
1432590063430504	
1431763583513152	
1431743656848478	
1430851450271032	
1430840203605490	
1430031650353012	
1429719077050936	
1429148840441293	
1428258383863672	
1428242043865306	
1414855838537260	
1413920108630833	
1412948612061316	
1412480342108143	
1411950382161139	
1411913628831481	
1411875585501952	
1411515728871271	
1410975012258676	
1410005399022304	
1409984172357760	
1408982595791251	
1407938989228945	
1406954482660729	
1406004759422368	
1405070836182427	
1390992967590214	
1390983504257827	
1390088821013962	
1389105884445589	
1389085734447604	
1389068471115997	
1388571321165712	
1388011611221683	
1387078717981639	
1382738335082344	
1382417211781123	
1382397718449739	
1381922961830548	
1381912248498286	
1381906121832232	
1381877388501772	
1381016061921238	
1380654268624084	
1379325235423654	
1375606029128908	
1374828899206621	
1374824762540368	
1373848125971365	
1372280889461422	
1371127039576807	
1371124112910433	
1371084396247738	
1368656953157149	
1367590373263807	
1366588526697325	
1366236020065909	
1365593556796822	
1365246313498213	
1363348423688002	
1363347610354750	
1363343293688515	
1363321913690653	
1362801010409410	
1361517707204407	
1360429747313203	
1360398557316322	
1359777327378445	
1359596700729841	
1359390297417148	
1359304124092432	
1359238997432278	
1359223234100521	
1358271790862332	
1358268030862708	
1358175850871926	
1357236414299203	
1357145090975002	
1356237654399079	
1356167077739470	
1355134444509400	
1355077651181746	
1354050457951132	
1354029017953276	
1353985611290950	
1352841974738647	
1352788084744036	
1351563531533158	
1347388275284017	
1345770198779158	
1345401232149388	
1345342282155283	
1344843542205157	
1344467132242798	
1344415885581256	
1343605522328959	
1343532499002928	
1342767415746103	
1342729392416572	
1341970895825755	
1341944172495094	
1341926949163483	
1341085495914295	
1341039395918905	
1340505565972288	
1340489932640518	
1340475022642009	
1340057879350390	
1340027249353453	
1339927982696713	
1339316812757830	
1338971172792394	
1338910652798446	
1338347956188049	
1338019542887557	
1337356059620572	
1337025756320269	
1336979719658206	
1336574773032034	
1336123596410485	
1336077803081731	
1336053833084128	
1335137396509105	
1335090063180505	
1334392946583550	
1332563883433123	
1331782810177897	
1331762800179898	
1330668346956010	
1330296160326562	
1329286710427507	
1329278687094976	
1313942695295242	
1313591538663691	
1313204292035749	
1313165605372951	
1312853485404163	
1312385335450978	
1312084768814368	
1311641295525382	
1311321095557402	
1310876278935217	
1310525515636960	
1310076529015192	
1309755515713960	
1309246115764900	
1301924096497102	
1301126746576837	
1301102693245909	
1300787153277463	
1300019660020879	
1270690066287172	
1270632819626230	
1269269989762513	
1268183183204527	
1267168959972616	
1266009750088537	
1265208850168627	
1264810896875089	
1260109320678580	
1260088077347371	
1260064414016404	
1247283561961156	
1246146748741504	
1244080055614840	
1244062882283224	
1243015712387941	
1242994722390040	
1242987169057462	
1242966955726150	
1242957409060438	
1241921469164032	
1241792899176889	
1240004236022422	
1239645722724940	
1239033032786209	
1239006522788860	
1238066722882840	
1237658799590299	
1237645102925002	
1236045466418299	
1236029743086538	
1235987806424065	
1235149733174539	
1234950319861147	
1234945363194976	
1234240526598793	
1234213999934779	
1234176729938506	
1234036279952551	
1234019429954236	
1233778179978361	
1233206913368821	
1233179973371515	
1232272253462287	
1232263310129848	
1232235653465947	
1231313056891540	
1231307476892098	
1231288466893999	
1231280003561512	
1231278010228378	
1231266443562868	
1230266566996189	
1229858257037020	
1229226263766886	
1225456900810489	
1225444740811705	
1224888724200640	
1224879024201610	
1224830010873178	
1224265567596289	
1223200871036092	
1222241914465321	
1222240637798782	
1221539104535602	
1221514681204711	
1221438084545704	
1221331381223041	
1221325987890247	
1221323437890502	
1221306371225542	
1221285477894298	
1218233594866153	
1218220438200802	
1218199448202901	
1218194164870096	
1217727191583460	
1217231698299676	 
1216438298379016	
1216399805049532	
1216398185049694	
1216069848415861	
1215536111802568	
1215377691818410	
1214403618582484	
1211913518831494	
1211496035539909	
1210933192262860	
1210017975687715	
1209660125723500	
1209029285786584	
1207706842585495	
1207182189304627	
1206844786005034	
1206798592676320	
1206293892726790	
1205995999423246	
1205930022763177	
1205474419475404	
1205165609506285	
1205125259510320	
1204670899555756	
1204376302918549	
1204351382921041	
1204312256258287	
1203768572979322	
1203421886347324	
1203366976352815	
1202868579735988	
1202484889774357	
1201679749854871	
1201632163192963	
1200264253329754	
1200235089999337	
1199938433362336	
1199895536699959	
1199107703445409	
1199068793449300	
1199031273453052	
1199016450121201	
1196802533675926	
1196486803707499	
1196460933710086	
1195560643800115	
1195113273844852	
1194778093878370	
1194035817285931	
1194024453953734	
1194010323955147	
1193162527373260	
1192459750776871	
1191938724162307	
1191884440834402	
1191682400854606	
1191550384201141	
1191490050873841	
1191010230921823	
1190990974257082	
1190978714258308	
1190946284261551	
1190551904300989	
1190500467639466	
1189655674390612	
1189613411061505	
1189117141111132	
1188792174476962	
1188703921152454	
1188148351208011	
1187809621241884	
1187759041246942	
1187385784617601	
1186852874670892	
1186756254680554	
1186252508064262	
1186179651404881	
1185900434766136	
1185859394770240	
1185857911437055	
1184983074857872	
1184934628196050	
1184091674947012	
1184032581619588	
1183990878290425	
1183352341687612	
