884
884
750
702
698
750
704
700
622
702
698
750
704
700
750
706
702
750
704
700
750
706
702
702
698
630
750
202
202
748
202
748
202
202
746
738
734
746
738
734
202
202
746
740
736
746
746
738
734
746
740
736
744
740
742
738
854
810
766
740
736
202
694
820
202
820
750
728
358
742
264
260
202
728
724
720
714
724
720
726
722
724
720
726
722
728
724
726
722
704
736
732
726
714
482
720
202
744
750
816
768
704
748
906
240
750
750
750
750
728
786
696
646
746
752
762
752
202
202
202
202
500
202
202
202
202
518
202
786
786
752
756
752
752
750
784
784
784
750
202
640
202
684
732
698
716
750
202
762
692
774
752
752
786
786
752
886
670
670
202
802
802
674
710
802
802
802
802
802
802
800
674
800
800
730
764
716
682
420
756
646
788
202
202
748
202
202
714
742
746
746
722
746
752
798
280
280
774
280
796
280
632
632
280
202
280
796
280
714
796
280
778
282
772
202
750
750
282
718
282
712
282
780
282
744
282
780
282
254
696
744
868
856
836
838
834
816
744
782
782
792
790
750
770
750
750
688
788
720
700
724
734
706
720
730
728
768
700
402
202
638
730
682
688
688
666
638
678
634
752
706
720
710
628
628
716
202
722
728
762
772
764
682
644
684
734
662
668
456
372
202
746
636
676
720
682
202
636
656
202
682
682
202
682
682
682
682
682
682
682
738
732
682
682
682
798
682
682
682
682
682
682
702
202
202
810
666
666
770
668
578
734
562
536
702
560
556
546
556
560
556
546
560
556
546
560
556
560
556
544
558
554
680
558
554
544
558
554
576
558
554
592
588
766
592
588
576
806
806
568
560
556
302
302
674
272
614
614
614
614
614
614
698
678
616
350
642
724
614
688
716
688
658
734
662
738
606
620
714
714
700
760
710
706
704
646
646
722
664
202
664
780
560
688
612
612
550
694
640
722
830
772
844
840
772
844
840
772
844
840
772
844
840
772
844
840
772
844
840
772
844
840
844
840
772
890
844
840
772
844
772
844
840
772
844
840
772
844
840
772
844
840
772
844
840
772
844
840
770
842
838
770
842
838
842
838
842
816
406
718
722
698
674
674
670
670
670
616
616
238
308
308
798
794
770
798
794
770
798
794
770
798
794
748
798
794
794
734
798
798
794
798
794
378
794
746
798
794
798
794
798
794
798
794
798
794
798
798
794
798
794
798
794
798
794
796
770
770
770
720
722
722
628
788
724
724
724
798
410
676
478
698
576
832
714
694
716
708
806
806
806
806
654
600
746
742
380
804
752
752
752
752
692
692
686
686
304
804
288
728
728
738
738
738
962
212
212
738
842
728
738
738
738
738
682
682
672
738
738
710
808
212
808
760
786
934
962
690
690
846
846
846
846
914
670
974
816
760
760
902
1072
882
882
882
784
772
898
280
886
368
244
244
244
244
746
270
242
242
1044
248
240
240
288
288
264
264
260
264
260
264
260
264
260
222
264
258
264
258
248
840
840
268
264
1096
268
264
268
264
268
264
266
262
262
266
262
432
432
432
266
266
262
432
266
262
432
266
412
266
262
266
266
262
262
266
262
852
682
806
806
874
716
744
212
792
724
212
1016
270
930
272
938
864
808
824
950
856
1036
868
922
922
750
908
886
886
808
910
764
834
994
500
900
900
900
766
850
666
222
800
806
742
742
742
752
260
888
754
1012
1012
902
856
856
858
858
216
792
438
438
1056
1056
228
322
338
730
994
994
256
974
974
298
298
298
298
298
876
774
830
858
670
432
748
748
368
646
738
692
212
288
298
208
252
250
814
814
814
920
920
920
920
920
1210
1260
1260
1240
674
1174
880
864
1216
786
1208
1016
824
1004
520
1246
502
460
1190
462
460
1136
470
462
1168
480
466
460
1160
468
462
1014
464
470
464
1086
1010
472
466
466
460
520
488
1040
618
466
692
952
692
764
764
698
526
530
590
830
548
482
460
614
604
604
556
410
384
424
368
644
396
390
524
400
374
404
336
368
450
608
378
406
340
358
456
412
396
460
256
