001.mp3 3312 3313 -1
002.mp3 3190 3191 -1
003.mp3 3373 3374 -1
004.mp3 3661 3662 -1
005.mp3 3487 3488 -1
006.mp3 3147 3148 -1
007.mp3 4222 4223 -1
008.mp3 3619 3620 -1
009.mp3 3240 3241 -1
010.mp3 3042 3043 -1
011.mp3 3631 3632 -1
012.mp3 3478 3479 -1
013.mp3 3397 3398 -1
014.mp3 3453 3454 -1
015.mp3 3198 3199 -1
016.mp3 3123 3124 -1
017.mp3 3232 3233 -1
018.mp3 3557 3558 -1
019.mp3 3336 3337 -1
020.mp3 3147 3148 -1
021.mp3 3423 3424 -1
022.mp3 3309 3310 -1
023.mp3 3286 3287 -1
024.mp3 3285 3286 -1
025.mp3 3277 3278 -1
026.mp3 3325 3326 -1
027.mp3 3517 3518 -1
028.mp3 4354 4355 -1
029.mp3 3403 3404 -1
030.mp3 3475 3477 -2
031.mp3 3334 3335 -1
032.mp3 3477 3478 -1
033.mp3 3023 3025 -2
034.mp3 3439 3440 -1
035.mp3 3033 3034 -1
036.mp3 4338 4339 -1
037.mp3 3090 3091 -1
038.mp3 3580 3581 -1
039.mp3 3538 3539 -1
040.mp3 3354 3355 -1
041.mp3 3621 3623 -2
042.mp3 3674 3675 -1
043.mp3 3679 3680 -1
044.mp3 4316 4317 -1
045.mp3 3252 3253 -1
046.mp3 3506 3507 -1
047.mp3 3510 3511 -1
048.mp3 3249 3250 -1
049.mp3 3411 3412 -1
050.mp3 3567 3568 -1
051.mp3 3695 3696 -1
052.mp3 3414 3415 -1
053.mp3 3212 3213 -1
054.mp3 3297 3298 -1
055.mp3 3578 3579 -1
056.mp3 3569 3570 -1
057.mp3 3389 3390 -1
058.mp3 3511 3512 -1
059.mp3 3579 3580 -1
060.mp3 3247 3248 -1
061.mp3 3432 3433 -1
062.mp3 3119 3120 -1
063.mp3 3375 3376 -1
064.mp3 3237 3238 -1
065.mp3 3301 3302 -1
066.mp3 3362 3363 -1
067.mp3 3303 3304 -1
068.mp3 3245 3246 -1
069.mp3 3407 3408 -1
070.mp3 3387 3388 -1
071.mp3 3396 3397 -1
072.mp3 3287 3288 -1
073.mp3 3437 3438 -1
074.mp3 3562 3563 -1
075.mp3 3349 3350 -1
076.mp3 3366 3367 -1
077.mp3 3435 3436 -1
078.mp3 3315 3316 -1
079.mp3 3308 3309 -1
080.mp3 3482 3483 -1
081.mp3 3324 3325 -1
082.mp3 3352 3353 -1
083.mp3 3421 3422 -1
084.mp3 3259 3260 -1
085.mp3 3364 3365 -1
086.mp3 3446 3447 -1
087.mp3 3559 3560 -1
088.mp3 3628 3629 -1
089.mp3 3452 3453 -1
090.mp3 4269 4270 -1
091.mp3 4325 4326 -1
092.mp3 3873 3874 -1
093.mp3 4000 4001 -1
094.mp3 3312 3313 -1
095.mp3 3365 3366 -1
096.mp3 3333 3335 -2
097.mp3 3415 3416 -1
098.mp3 3189 3190 -1
099.mp3 3037 3038 -1
100.mp3 3869 3870 -1
101.mp3 3065 3066 -1
102.mp3 3870 3871 -1
103.mp3 3279 3280 -1
104.mp3 3309 3310 -1
105.mp3 3950 3951 -1
106.mp3 3078 3080 -2
107.mp3 3349 3350 -1
108.mp3 3450 3451 -1
109.mp3 3344 3345 -1
110.mp3 3312 3313 -1
111.mp3 2969 2970 -1
112.mp3 3097 3098 -1
113.mp3 3044 3045 -1
114.mp3 3057 3058 -1
115.mp3 3204 3205 -1
116.mp3 3184 3185 -1
117.mp3 2370 2371 -1
118.mp3 3304 3306 -2
119.mp3 3104 3105 -1
120.mp3 3209 3210 -1
121.mp3 3143 3144 -1
122.mp3 3163 3164 -1
123.mp3 3350 3351 -1
124.mp3 3347 3348 -1
125.mp3 3254 3255 -1
126.mp3 3437 3438 -1
127.mp3 3093 3094 -1
128.mp3 3301 3302 -1
129.mp3 3385 3386 -1
130.mp3 3403 3404 -1
131.mp3 2968 2969 -1
132.mp3 3347 3348 -1
133.mp3 3299 3300 -1
134.mp3 3244 3245 -1
135.mp3 3385 3386 -1
136.mp3 4127 4128 -1
137.mp3 3406 3407 -1
138.mp3 3753 3754 -1
139.mp3 3205 3206 -1
140.mp3 3211 3212 -1
141.mp3 3178 3179 -1
142.mp3 3195 3196 -1
143.mp3 3240 3241 -1
144.mp3 4214 4215 -1
145.mp3 3205 3206 -1
146.mp3 3216 3217 -1
147.mp3 3215 3216 -1
148.mp3 3136 3137 -1
149.mp3 3221 3222 -1
150.mp3 3237 3238 -1
151.mp3 3110 3111 -1
152.mp3 3253 3254 -1
153.mp3 3127 3128 -1
154.mp3 3684 3685 -1
155.mp3 3317 3318 -1
156.mp3 3284 3285 -1
157.mp3 3265 3266 -1
158.mp3 3345 3346 -1
159.mp3 3329 3330 -1
160.mp3 3601 3602 -1
161.mp3 3617 3618 -1
162.mp3 3438 3439 -1
163.mp3 3624 3625 -1
164.mp3 3565 3567 -2
165.mp3 3490 3492 -2
166.mp3 3561 3562 -1
167.mp3 3741 3742 -1
168.mp3 3440 3441 -1
169.mp3 3428 3429 -1
170.mp3 3476 3477 -1
171.mp3 3378 3378 0
172.mp3 3389 3390 -1
173.mp3 3616 3617 -1
174.mp3 3230 3231 -1
175.mp3 3151 3152 -1
176.mp3 3322 3323 -1
177.mp3 3371 3372 -1
178.mp3 3462 3464 -2
179.mp3 3167 3168 -1
180.mp3 3420 3421 -1
181.mp3 3294 3295 -1
182.mp3 3623 3624 -1
183.mp3 3554 3555 -1
184.mp3 3328 3329 -1
185.mp3 3448 3449 -1
186.mp3 3244 3245 -1
187.mp3 3341 3342 -1
188.mp3 3272 3273 -1
189.mp3 3544 3545 -1
190.mp3 3132 3133 -1
191.mp3 3316 3317 -1
192.mp3 3087 3088 -1
193.mp3 3342 3343 -1
194.mp3 3481 3482 -1
195.mp3 3213 3214 -1
196.mp3 3300 3301 -1
197.mp3 3473 3474 -1
198.mp3 3172 3173 -1
199.mp3 3353 3354 -1
200.mp3 3312 3313 -1
201.mp3 3313 3314 -1
202.mp3 3291 3292 -1
203.mp3 2957 2958 -1
204.mp3 3236 3237 -1
205.mp3 3169 3170 -1
206.mp3 3018 3019 -1
207.mp3 3186 3187 -1
208.mp3 3520 3521 -1
209.mp3 3211 3212 -1
210.mp3 3339 3341 -2
211.mp3 3312 3313 -1
212.mp3 3272 3273 -1
213.mp3 3373 3374 -1
214.mp3 3362 3363 -1
215.mp3 3324 3325 -1
216.mp3 3251 3253 -2
217.mp3 3355 3356 -1
218.mp3 3358 3359 -1
219.mp3 3523 3524 -1
220.mp3 3326 3327 -1
221.mp3 3521 3522 -1
222.mp3 3322 3323 -1
223.mp3 3369 3370 -1
224.mp3 2437 2438 -1
225.mp3 3463 3464 -1
226.mp3 3232 3233 -1
227.mp3 3346 3347 -1
228.mp3 3333 3334 -1
229.mp3 2891 2892 -1
230.mp3 3464 3465 -1
231.mp3 3285 3286 -1
232.mp3 3303 3304 -1
233.mp3 3267 3268 -1
234.mp3 3184 3185 -1
235.mp3 3301 3302 -1
236.mp3 3929 3930 -1
237.mp3 3397 3398 -1
238.mp3 3476 3477 -1
239.mp3 3172 3173 -1
240.mp3 3542 3543 -1
241.mp3 3248 3249 -1
242.mp3 3227 3228 -1
243.mp3 3738 3739 -1
244.mp3 3669 3670 -1
245.mp3 3059 3060 -1
246.mp3 3274 3275 -1
247.mp3 3266 3267 -1
248.mp3 3192 3193 -1
249.mp3 3152 3153 -1
250.mp3 3705 3706 -1
251.mp3 3427 3428 -1
252.mp3 3201 3202 -1
253.mp3 3459 3460 -1
254.mp3 3387 3388 -1
255.mp3 3261 3263 -2
256.mp3 3503 3504 -1
257.mp3 3412 3413 -1
258.mp3 4128 4129 -1
259.mp3 3530 3531 -1
260.mp3 3840 3841 -1
261.mp3 3691 3692 -1
262.mp3 3562 3563 -1
263.mp3 3261 3262 -1
264.mp3 3429 3430 -1
265.mp3 3763 3764 -1
266.mp3 3368 3369 -1
267.mp3 3578 3579 -1
268.mp3 3361 3362 -1
269.mp3 3446 3447 -1
270.mp3 3241 3242 -1
271.mp3 3619 3620 -1
272.mp3 3465 3466 -1
273.mp3 3294 3295 -1
274.mp3 3521 3522 -1
275.mp3 3472 3473 -1
276.mp3 3134 3135 -1
277.mp3 3959 3960 -1
278.mp3 3466 3467 -1
279.mp3 3480 3481 -1
280.mp3 3106 3107 -1
281.mp3 3415 3416 -1
282.mp3 3148 3149 -1
283.mp3 3202 3203 -1
284.mp3 3425 3426 -1
285.mp3 3631 3632 -1
286.mp3 3451 3453 -2
287.mp3 3247 3248 -1
288.mp3 3260 3261 -1
289.mp3 3267 3269 -2
290.mp3 3448 3449 -1
291.mp3 4056 4057 -1
292.mp3 3174 3176 -2
293.mp3 3293 3294 -1
294.mp3 3046 3047 -1
295.mp3 3284 3285 -1
296.mp3 3238 3239 -1
297.mp3 3311 3312 -1
298.mp3 3331 3332 -1
299.mp3 3587 3589 -2
300.mp3 3283 3284 -1
301.mp3 3367 3368 -1
302.mp3 3226 3227 -1
303.mp3 3324 3325 -1
304.mp3 3289 3290 -1
305.mp3 3332 3333 -1
306.mp3 3325 3326 -1
307.mp3 3577 3578 -1
308.mp3 3507 3508 -1
309.mp3 3356 3357 -1
310.mp3 2986 2987 -1
311.mp3 3096 3097 -1
312.mp3 2788 2789 -1
313.mp3 4152 4153 -1
314.mp3 3256 3257 -1
315.mp3 3372 3373 -1
316.mp3 2947 2948 -1
317.mp3 3194 3195 -1
318.mp3 3210 3211 -1
319.mp3 3508 3509 -1
320.mp3 3807 3809 -2
321.mp3 3478 3479 -1
322.mp3 3228 3229 -1
323.mp3 3152 3153 -1
324.mp3 3134 3135 -1
325.mp3 3510 3511 -1
326.mp3 3144 3145 -1
327.mp3 3385 3386 -1
328.mp3 4017 4018 -1
329.mp3 3465 3466 -1
330.mp3 3559 3560 -1
331.mp3 3483 3484 -1
332.mp3 3420 3421 -1
333.mp3 3737 3738 -1
334.mp3 2805 2806 -1
335.mp3 3479 3480 -1
336.mp3 3167 3168 -1
337.mp3 3262 3264 -2
338.mp3 3416 3417 -1
339.mp3 3528 3529 -1
340.mp3 3006 3007 -1
341.mp3 4206 4207 -1
342.mp3 3480 3481 -1
343.mp3 3386 3388 -2
344.mp3 3329 3330 -1
345.mp3 3328 3329 -1
346.mp3 3216 3217 -1
347.mp3 3334 3335 -1
348.mp3 3241 3242 -1
349.mp3 3382 3383 -1
350.mp3 3329 3330 -1
351.mp3 3413 3414 -1
352.mp3 3316 3317 -1
353.mp3 3510 3511 -1
354.mp3 3372 3373 -1
355.mp3 3270 3271 -1
356.mp3 3145 3146 -1
357.mp3 3260 3262 -2
358.mp3 3421 3422 -1
359.mp3 3697 3698 -1
360.mp3 3301 3302 -1
361.mp3 3753 3754 -1
362.mp3 3528 3529 -1
363.mp3 3740 3741 -1
364.mp3 3566 3567 -1
365.mp3 2533 2534 -1
366.mp3 1558 1559 -1
367.mp3 481 482 -1
368.mp3 2970 2971 -1
369.mp3 3453 3454 -1
370.mp3 3330 3331 -1
371.mp3 3717 3718 -1
372.mp3 3776 3777 -1
373.mp3 3268 3269 -1
374.mp3 3724 3725 -1
375.mp3 3595 3596 -1
376.mp3 3357 3358 -1
377.mp3 3133 3134 -1
378.mp3 3834 3835 -1
379.mp3 3334 3335 -1
380.mp3 3464 3466 -2
381.mp3 3354 3355 -1
382.mp3 3617 3618 -1
383.mp3 3361 3362 -1
384.mp3 3272 3273 -1
385.mp3 3918 3919 -1
386.mp3 3465 3466 -1
387.mp3 2929 2930 -1
388.mp3 3376 3377 -1
389.mp3 2720 2721 -1
390.mp3 3070 3071 -1
391.mp3 2106 2107 -1
392.mp3 2408 2409 -1
393.mp3 2219 2220 -1
394.mp3 2361 2362 -1
395.mp3 2119 2120 -1
396.mp3 2121 2122 -1
397.mp3 2469 2470 -1
398.mp3 2382 2383 -1
399.mp3 2788 2789 -1
400.mp3 2704 2705 -1
401.mp3 2721 2722 -1
402.mp3 2957 2958 -1
403.mp3 2867 2868 -1
404.mp3 2764 2765 -1
405.mp3 2898 2899 -1
406.mp3 3038 3040 -2
407.mp3 2715 2716 -1
408.mp3 2819 2820 -1
409.mp3 2758 2759 -1
410.mp3 2885 2886 -1
411.mp3 3123 3124 -1
412.mp3 3710 3711 -1
413.mp3 3118 3119 -1
414.mp3 2644 2645 -1
415.mp3 2517 2518 -1
416.mp3 2970 2971 -1
417.mp3 3245 3246 -1
418.mp3 2978 2979 -1
419.mp3 3117 3118 -1
420.mp3 3104 3105 -1
421.mp3 3366 3367 -1
422.mp3 3099 3100 -1
423.mp3 3526 3527 -1
424.mp3 3130 3131 -1
425.mp3 3140 3142 -2
426.mp3 3258 3260 -2
427.mp3 3031 3032 -1
428.mp3 3119 3120 -1
429.mp3 3118 3119 -1
430.mp3 3148 3149 -1
431.mp3 3144 3145 -1
432.mp3 3076 3077 -1
433.mp3 3355 3356 -1
434.mp3 3581 3582 -1
435.mp3 3056 3057 -1
436.mp3 3063 3064 -1
437.mp3 3043 3044 -1
438.mp3 3227 3228 -1
439.mp3 3173 3174 -1
440.mp3 3092 3093 -1
441.mp3 2755 2756 -1
442.mp3 3256 3257 -1
443.mp3 3058 3059 -1
444.mp3 3091 3092 -1
445.mp3 3249 3250 -1
446.mp3 2773 2774 -1
447.mp3 3499 3500 -1
448.mp3 2719 2720 -1
449.mp3 2993 2995 -2
450.mp3 3593 3594 -1
451.mp3 3192 3193 -1
452.mp3 3205 3206 -1
453.mp3 2231 2232 -1
454.mp3 3203 3204 -1
455.mp3 3180 3181 -1
456.mp3 2936 2937 -1
457.mp3 3145 3146 -1
458.mp3 3143 3144 -1
459.mp3 3320 3321 -1
460.mp3 3110 3111 -1
461.mp3 3678 3679 -1
462.mp3 3139 3140 -1
463.mp3 3324 3325 -1
464.mp3 3710 3711 -1
465.mp3 3178 3179 -1
466.mp3 3734 3735 -1
467.mp3 3200 3201 -1
468.mp3 3156 3157 -1
469.mp3 3200 3201 -1
470.mp3 3136 3137 -1
471.mp3 3170 3171 -1
472.mp3 3324 3325 -1
473.mp3 3711 3712 -1
474.mp3 3789 3790 -1
475.mp3 3599 3600 -1
476.mp3 3281 3282 -1
477.mp3 3601 3603 -2
478.mp3 3617 3618 -1
479.mp3 3433 3434 -1
480.mp3 3313 3314 -1
481.mp3 4198 4199 -1
482.mp3 3606 3607 -1
483.mp3 3273 3274 -1
484.mp3 3202 3203 -1
485.mp3 4304 4305 -1
486.mp3 3269 3270 -1
487.mp3 4098 4099 -1
488.mp3 3106 3107 -1
489.mp3 3094 3095 -1
490.mp3 2370 2371 -1
491.mp3 2678 2679 -1
492.mp3 5306 5307 -1
493.mp3 3504 3505 -1
494.mp3 2322 2323 -1
495.mp3 3277 3278 -1
496.mp3 3119 3120 -1
497.mp3 4853 4854 -1
498.mp3 4692 4693 -1
499.mp3 3330 3331 -1
500.mp3 5531 5532 -1
501.mp3 4569 4570 -1
502.mp3 4601 4602 -1
503.mp3 4632 4633 -1
504.mp3 4323 4324 -1
505.mp3 4593 4594 -1
506.mp3 4604 4605 -1
507.mp3 4655 4656 -1
508.mp3 4271 4272 -1
509.mp3 3831 3832 -1
510.mp3 3695 3696 -1
511.mp3 4317 4318 -1
512.mp3 4717 4718 -1
513.mp3 4643 4644 -1
514.mp3 3705 3706 -1
515.mp3 4435 4436 -1
516.mp3 4604 4605 -1
517.mp3 4504 4505 -1
518.mp3 4652 4653 -1
519.mp3 4937 4938 -1
520.mp3 4384 4385 -1
521.mp3 4644 4645 -1
522.mp3 4239 4240 -1
523.mp3 3600 3601 -1
524.mp3 3453 3454 -1
525.mp3 3381 3382 -1
526.mp3 3103 3104 -1
527.mp3 1939 1940 -1
528.mp3 1323 1324 -1
529.mp3 433 434 -1
530.mp3 4475 4476 -1
531.mp3 4238 4239 -1
532.mp3 4319 4320 -1
533.mp3 3673 3674 -1
534.mp3 4342 4343 -1
535.mp3 4261 4262 -1
536.mp3 4795 4796 -1
537.mp3 4351 4352 -1
538.mp3 3662 3663 -1
539.mp3 4637 4638 -1
540.mp3 5371 5372 -1
541.mp3 3346 3347 -1
542.mp3 4393 4394 -1
543.mp3 5297 5299 -2
544.mp3 4365 4366 -1
545.mp3 3392 3393 -1
546.mp3 3653 3654 -1
547.mp3 3471 3472 -1
548.mp3 3941 3942 -1
549.mp3 3268 3269 -1
550.mp3 3679 3680 -1
551.mp3 3723 3724 -1
552.mp3 3324 3325 -1
553.mp3 3747 3749 -2
554.mp3 3393 3394 -1
555.mp3 3879 3880 -1
556.mp3 3478 3479 -1
557.mp3 4825 4826 -1
558.mp3 3584 3585 -1
559.mp3 3554 3555 -1
560.mp3 3535 3536 -1
561.mp3 3494 3495 -1
562.mp3 4487 4488 -1
563.mp3 3326 3327 -1
564.mp3 3189 3190 -1
565.mp3 3426 3427 -1
566.mp3 3244 3245 -1
567.mp3 2735 2736 -1
568.mp3 3325 3326 -1
569.mp3 2298 2299 -1
570.mp3 2824 2825 -1
571.mp3 3162 3163 -1
572.mp3 3280 3281 -1
573.mp3 4726 4727 -1
574.mp3 3350 3351 -1
575.mp3 3144 3145 -1
576.mp3 3172 3173 -1
577.mp3 3212 3213 -1
578.mp3 3437 3438 -1
579.mp3 3719 3720 -1
580.mp3 3306 3307 -1
581.mp3 3378 3379 -1
582.mp3 3065 3066 -1
583.mp3 3371 3372 -1
584.mp3 3477 3478 -1
585.mp3 3253 3254 -1
586.mp3 3459 3460 -1
587.mp3 3358 3359 -1
588.mp3 3214 3216 -2
589.mp3 3490 3491 -1
590.mp3 3759 3760 -1
591.mp3 3019 3020 -1
592.mp3 3236 3237 -1
593.mp3 3684 3685 -1
594.mp3 3406 3407 -1
595.mp3 3355 3356 -1
596.mp3 3547 3548 -1
597.mp3 3393 3394 -1
598.mp3 3695 3696 -1
599.mp3 3705 3706 -1
600.mp3 2602 2603 -1
601.mp3 3467 3468 -1
602.mp3 3281 3282 -1
603.mp3 3145 3146 -1
604.mp3 3649 3650 -1
605.mp3 3457 3458 -1
606.mp3 3670 3671 -1
607.mp3 3362 3363 -1
608.mp3 3565 3566 -1
609.mp3 3453 3454 -1
610.mp3 3362 3363 -1
611.mp3 3505 3506 -1
612.mp3 2899 2900 -1
613.mp3 3112 3113 -1
614.mp3 3362 3363 -1
615.mp3 3230 3231 -1
616.mp3 4690 4691 -1
617.mp3 3660 3661 -1
618.mp3 3219 3220 -1
619.mp3 3434 3435 -1
620.mp3 4641 4642 -1
621.mp3 3472 3473 -1
622.mp3 3743 3744 -1
623.mp3 3060 3061 -1
624.mp3 3024 3025 -1
625.mp3 3291 3292 -1
626.mp3 3329 3330 -1
627.mp3 3335 3336 -1
628.mp3 3251 3252 -1
629.mp3 3432 3433 -1
630.mp3 3645 3646 -1
631.mp3 3627 3628 -1
632.mp3 3260 3261 -1
633.mp3 3527 3528 -1
634.mp3 3411 3412 -1
635.mp3 3132 3133 -1
636.mp3 3149 3150 -1
637.mp3 3101 3102 -1
638.mp3 3294 3295 -1
639.mp3 3252 3253 -1
640.mp3 3355 3356 -1
641.mp3 3569 3570 -1
642.mp3 3705 3706 -1
643.mp3 3389 3390 -1
644.mp3 3157 3158 -1
645.mp3 3332 3333 -1
646.mp3 3229 3230 -1
647.mp3 3607 3608 -1
648.mp3 3568 3569 -1
649.mp3 3608 3609 -1
650.mp3 3637 3638 -1
651.mp3 3577 3578 -1
652.mp3 3632 3633 -1
653.mp3 3121 3122 -1
654.mp3 4014 4015 -1
655.mp3 3232 3233 -1
656.mp3 3500 3501 -1
657.mp3 3194 3195 -1
658.mp3 3236 3237 -1
659.mp3 3002 3003 -1
660.mp3 3192 3193 -1
661.mp3 3846 3847 -1
662.mp3 3554 3555 -1
663.mp3 4060 4061 -1
664.mp3 3732 3733 -1
665.mp3 3591 3592 -1
666.mp3 3419 3420 -1
667.mp3 3795 3796 -1
668.mp3 4756 4757 -1
669.mp3 3183 3184 -1
670.mp3 4711 4712 -1
671.mp3 4612 4613 -1
672.mp3 4524 4525 -1
673.mp3 2699 2700 -1
674.mp3 3267 3268 -1
675.mp3 4568 4569 -1
676.mp3 3488 3489 -1
677.mp3 3177 3178 -1
678.mp3 4761 4762 -1
679.mp3 3500 3501 -1
680.mp3 3380 3381 -1
681.mp3 3360 3361 -1
682.mp3 3502 3503 -1
683.mp3 3302 3303 -1
684.mp3 3128 3129 -1
685.mp3 3425 3426 -1
686.mp3 3279 3280 -1
687.mp3 3047 3048 -1
688.mp3 3385 3386 -1
689.mp3 3442 3443 -1
690.mp3 3244 3245 -1
691.mp3 2911 2912 -1
692.mp3 2769 2770 -1
693.mp3 3282 3283 -1
694.mp3 3187 3188 -1
695.mp3 2781 2782 -1
696.mp3 3073 3074 -1
697.mp3 3435 3436 -1
698.mp3 3454 3455 -1
699.mp3 3305 3306 -1
700.mp3 3330 3331 -1
701.mp3 3362 3363 -1
702.mp3 3738 3739 -1
703.mp3 2367 2368 -1
704.mp3 3657 3658 -1
705.mp3 2890 2891 -1
706.mp3 2464 2465 -1
707.mp3 3209 3210 -1
708.mp3 4710 4711 -1
709.mp3 2477 2478 -1
710.mp3 2366 2367 -1
711.mp3 2507 2508 -1
712.mp3 2386 2387 -1
713.mp3 2052 2053 -1
714.mp3 2682 2683 -1
715.mp3 3415 3416 -1
716.mp3 2776 2777 -1
717.mp3 3346 3347 -1
718.mp3 3153 3154 -1
719.mp3 3184 3185 -1
720.mp3 3575 3576 -1
721.mp3 3441 3442 -1
722.mp3 3302 3303 -1
723.mp3 3454 3455 -1
724.mp3 3173 3174 -1
725.mp3 3267 3268 -1
726.mp3 4728 4729 -1
727.mp3 3737 3738 -1
728.mp3 3416 3417 -1
729.mp3 3735 3736 -1
730.mp3 3259 3260 -1
731.mp3 3385 3386 -1
732.mp3 3473 3474 -1
733.mp3 3491 3492 -1
734.mp3 3260 3261 -1
735.mp3 3362 3363 -1
736.mp3 3671 3672 -1
737.mp3 2918 2919 -1
738.mp3 3770 3771 -1
739.mp3 2894 2895 -1
740.mp3 3332 3333 -1
741.mp3 3212 3213 -1
742.mp3 3215 3216 -1
743.mp3 2404 2405 -1
744.mp3 2574 2575 -1
745.mp3 2603 2604 -1
746.mp3 2721 2722 -1
747.mp3 3170 3171 -1
748.mp3 1862 1863 -1
749.mp3 2200 2201 -1
750.mp3 2262 2263 -1
751.mp3 2862 2863 -1
752.mp3 2073 2074 -1
753.mp3 2966 2967 -1
754.mp3 3305 3306 -1
755.mp3 2658 2659 -1
756.mp3 2785 2786 -1
757.mp3 3141 3142 -1
758.mp3 3068 3069 -1
759.mp3 3119 3120 -1
760.mp3 2953 2954 -1
761.mp3 3433 3434 -1
762.mp3 3131 3132 -1
763.mp3 3175 3176 -1
764.mp3 3152 3153 -1
765.mp3 3324 3325 -1
766.mp3 3174 3175 -1
767.mp3 3147 3148 -1
768.mp3 3238 3239 -1
769.mp3 4495 4496 -1
770.mp3 3363 3364 -1
771.mp3 3162 3163 -1
772.mp3 2968 2969 -1
773.mp3 3238 3239 -1
774.mp3 3116 3117 -1
775.mp3 4040 4041 -1
776.mp3 3688 3689 -1
777.mp3 3754 3755 -1
778.mp3 3388 3389 -1
779.mp3 3694 3695 -1
780.mp3 3412 3413 -1
781.mp3 3927 3929 -2
782.mp3 3345 3346 -1
783.mp3 3528 3529 -1
784.mp3 3419 3420 -1
785.mp3 3492 3493 -1
786.mp3 2385 2386 -1
787.mp3 2899 2900 -1
788.mp3 3248 3249 -1
789.mp3 2838 2839 -1
790.mp3 2712 2713 -1
791.mp3 3286 3287 -1
792.mp3 3290 3291 -1
793.mp3 3401 3402 -1
794.mp3 3326 3327 -1
795.mp3 3141 3142 -1
796.mp3 2824 2825 -1
797.mp3 3267 3268 -1
798.mp3 4331 4332 -1
799.mp3 3643 3644 -1
800.mp3 4153 4154 -1
801.mp3 3140 3141 -1
802.mp3 3341 3342 -1
803.mp3 2475 2476 -1
804.mp3 2526 2527 -1
805.mp3 3259 3260 -1
806.mp3 3294 3295 -1
807.mp3 2353 2354 -1
808.mp3 3051 3052 -1
809.mp3 2926 2927 -1
810.mp3 3172 3173 -1
811.mp3 2938 2939 -1
812.mp3 3042 3043 -1
813.mp3 3324 3325 -1
814.mp3 3426 3427 -1
815.mp3 3397 3398 -1
816.mp3 3196 3197 -1
817.mp3 2738 2739 -1
818.mp3 3221 3222 -1
819.mp3 2740 2741 -1
820.mp3 3174 3175 -1
821.mp3 3248 3249 -1
822.mp3 3131 3132 -1
823.mp3 2567 2568 -1
824.mp3 3485 3486 -1
825.mp3 3371 3372 -1
826.mp3 3216 3217 -1
827.mp3 3100 3101 -1
828.mp3 3321 3322 -1
829.mp3 3244 3245 -1
830.mp3 3343 3344 -1
831.mp3 3282 3284 -2
832.mp3 3040 3041 -1
833.mp3 3634 3635 -1
834.mp3 3364 3365 -1
835.mp3 3027 3028 -1
836.mp3 3314 3315 -1
837.mp3 3670 3671 -1
838.mp3 3281 3282 -1
839.mp3 3666 3667 -1
840.mp3 2534 2535 -1
841.mp3 3309 3310 -1
842.mp3 3165 3166 -1
843.mp3 3737 3738 -1
844.mp3 3124 3125 -1
845.mp3 3442 3443 -1
846.mp3 3213 3214 -1
847.mp3 3098 3099 -1
848.mp3 3410 3412 -2
849.mp3 3070 3071 -1
850.mp3 3439 3440 -1
851.mp3 3096 3097 -1
852.mp3 3177 3178 -1
853.mp3 3467 3468 -1
854.mp3 3134 3135 -1
855.mp3 3045 3046 -1
856.mp3 3192 3193 -1
857.mp3 3270 3271 -1
858.mp3 3047 3048 -1
859.mp3 4100 4101 -1
860.mp3 3467 3468 -1
861.mp3 4445 4446 -1
862.mp3 2962 2963 -1
863.mp3 3254 3255 -1
864.mp3 3049 3050 -1
865.mp3 3156 3157 -1
866.mp3 3243 3244 -1
867.mp3 3411 3412 -1
868.mp3 3389 3390 -1
869.mp3 3294 3295 -1
870.mp3 2689 2690 -1
871.mp3 3669 3670 -1
872.mp3 3554 3555 -1
873.mp3 3130 3131 -1
874.mp3 2794 2795 -1
875.mp3 3318 3319 -1
876.mp3 3695 3696 -1
877.mp3 2770 2771 -1
878.mp3 2922 2923 -1
879.mp3 2175 2176 -1
880.mp3 2880 2881 -1
881.mp3 2023 2024 -1
882.mp3 3439 3440 -1
883.mp3 3714 3715 -1
884.mp3 3260 3261 -1
885.mp3 3662 3663 -1
886.mp3 3748 3749 -1
887.mp3 3216 3217 -1
888.mp3 3766 3767 -1
889.mp3 3390 3391 -1
890.mp3 3368 3369 -1
891.mp3 3498 3499 -1
892.mp3 3314 3315 -1
893.mp3 3216 3217 -1
894.mp3 3128 3129 -1
895.mp3 2228 2229 -1
896.mp3 367 368 -1
897.mp3 673 674 -1
898.mp3 524 525 -1
899.mp3 1000 1001 -1
900.mp3 1223 1224 -1
901.mp3 2716 2717 -1
902.mp3 2687 2688 -1
903.mp3 3542 3543 -1
904.mp3 1718 1719 -1
905.mp3 1801 1802 -1
906.mp3 3029 3030 -1
907.mp3 2840 2842 -2
908.mp3 3588 3589 -1
909.mp3 2503 2504 -1
910.mp3 3104 3105 -1
911.mp3 2798 2799 -1
912.mp3 3207 3208 -1
913.mp3 3659 3660 -1
914.mp3 3192 3193 -1
915.mp3 3701 3702 -1
916.mp3 2768 2769 -1
917.mp3 3418 3419 -1
918.mp3 3259 3260 -1
919.mp3 1014 1015 -1
920.mp3 1390 1391 -1
921.mp3 1071 1072 -1
922.mp3 1412 1413 -1
923.mp3 282 283 -1
924.mp3 734 735 -1
925.mp3 1464 1465 -1
926.mp3 1836 1837 -1
927.mp3 1566 1567 -1
928.mp3 1963 1964 -1
929.mp3 2257 2258 -1
930.mp3 991 992 -1
931.mp3 668 669 -1
932.mp3 1493 1494 -1
933.mp3 1630 1631 -1
934.mp3 1719 1720 -1
935.mp3 793 794 -1
936.mp3 1254 1255 -1
937.mp3 532 533 -1
938.mp3 1830 1831 -1
939.mp3 1817 1818 -1
940.mp3 1858 1859 -1
941.mp3 1644 1645 -1
942.mp3 1402 1403 -1
943.mp3 1696 1697 -1
944.mp3 2750 2751 -1
945.mp3 1426 1427 -1
946.mp3 430 431 -1
947.mp3 1066 1067 -1
948.mp3 1968 1969 -1
949.mp3 1957 1958 -1
950.mp3 2993 2994 -1
951.mp3 3122 3123 -1
952.mp3 3348 3349 -1
953.mp3 3115 3116 -1
954.mp3 2334 2335 -1
955.mp3 2985 2986 -1
956.mp3 3103 3104 -1
957.mp3 3290 3291 -1
958.mp3 3312 3313 -1
959.mp3 3726 3727 -1
960.mp3 4542 4544 -2
961.mp3 3212 3213 -1
962.mp3 3393 3394 -1
963.mp3 3442 3443 -1
964.mp3 4560 4561 -1
965.mp3 3133 3134 -1
966.mp3 2841 2842 -1
967.mp3 3457 3458 -1
968.mp3 3103 3104 -1
969.mp3 3266 3267 -1
970.mp3 3372 3373 -1
971.mp3 3130 3131 -1
972.mp3 3357 3358 -1
973.mp3 3725 3726 -1
974.mp3 5773 5774 -1
975.mp3 3801 3802 -1
976.mp3 3289 3290 -1
977.mp3 3425 3426 -1
978.mp3 3393 3394 -1
979.mp3 3548 3549 -1
980.mp3 3674 3675 -1
981.mp3 3336 3337 -1
982.mp3 3276 3277 -1
983.mp3 3258 3259 -1
984.mp3 3427 3428 -1
985.mp3 3618 3619 -1
986.mp3 3429 3430 -1
987.mp3 3673 3674 -1
988.mp3 2964 2966 -2
989.mp3 3429 3430 -1
990.mp3 3076 3077 -1
991.mp3 3106 3107 -1
992.mp3 4193 4195 -2
993.mp3 3217 3218 -1
994.mp3 3534 3535 -1
995.mp3 3390 3391 -1
996.mp3 3282 3283 -1
997.mp3 3285 3286 -1
998.mp3 3400 3401 -1
999.mp3 3329 3330 -1
1000.mp3 3290 3291 -1
1001.mp3 3589 3590 -1
1002.mp3 3267 3268 -1
1003.mp3 3248 3249 -1
1004.mp3 3660 3661 -1
1005.mp3 3652 3653 -1
1006.mp3 3445 3446 -1
1007.mp3 3268 3200 68
1008.mp3 4330 4331 -1
1009.mp3 3199 3269 -70
1010.mp3 2694 2696 -2
1011.mp3 4413 4414 -1
1012.mp3 3201 3202 -1
1013.mp3 3533 3534 -1
1014.mp3 4136 4137 -1
1015.mp3 3492 3493 -1
1016.mp3 4122 4123 -1
1017.mp3 3123 3124 -1
1018.mp3 3116 3117 -1
1019.mp3 3155 3156 -1
1020.mp3 2379 2380 -1
1021.mp3 3118 3119 -1
1022.mp3 5320 5321 -1
1023.mp3 3965 3966 -1
1024.mp3 2334 2335 -1
1025.mp3 3036 3037 -1
1026.mp3 3485 3486 -1
1027.mp3 3289 3290 -1
1028.mp3 3141 3142 -1
1029.mp3 3846 3847 -1
1030.mp3 3454 3455 -1
1031.mp3 4876 4877 -1
1032.mp3 4696 4698 -2
1033.mp3 4477 4478 -1
1034.mp3 4399 4400 -1
1035.mp3 4414 4415 -1
1036.mp3 4294 4295 -1
1037.mp3 4703 4704 -1
1038.mp3 4780 4781 -1
1039.mp3 5022 5023 -1
1040.mp3 4479 4480 -1
1041.mp3 4073 4074 -1
1042.mp3 3615 3616 -1
1043.mp3 4648 4649 -1
1044.mp3 4867 4868 -1
1045.mp3 3968 3969 -1
1046.mp3 4771 4772 -1
1047.mp3 4959 4960 -1
1048.mp3 4823 4824 -1
1049.mp3 4947 4948 -1
1050.mp3 5573 5574 -1
1051.mp3 4241 4242 -1
1052.mp3 4712 4713 -1
1053.mp3 4968 4969 -1
1054.mp3 4428 4429 -1
1055.mp3 4638 4639 -1
1056.mp3 4245 4246 -1
1057.mp3 3629 3630 -1
1058.mp3 3472 3473 -1
1059.mp3 3429 3430 -1
1060.mp3 3670 3671 -1
1061.mp3 3661 3662 -1
1062.mp3 3677 3678 -1
1063.mp3 3705 3706 -1
1064.mp3 5396 5397 -1
1065.mp3 4748 4749 -1
1066.mp3 4149 4150 -1
1067.mp3 5699 5700 -1
1068.mp3 4196 4197 -1
1069.mp3 4868 4869 -1
1070.mp3 4404 4405 -1
1071.mp3 3216 3217 -1
1072.mp3 4178 4179 -1
1073.mp3 3797 3798 -1
1074.mp3 3396 3397 -1
1075.mp3 3460 3461 -1
1076.mp3 3295 3296 -1
1077.mp3 3717 3718 -1
1078.mp3 3093 3094 -1
1079.mp3 3647 3648 -1
1080.mp3 3645 3646 -1
1081.mp3 4829 4830 -1
1082.mp3 4514 4515 -1
1083.mp3 4701 4702 -1
1084.mp3 4242 4243 -1
1085.mp3 3207 3208 -1
1086.mp3 4342 4343 -1
1087.mp3 3478 3479 -1
1088.mp3 4364 4365 -1
1089.mp3 3707 3708 -1
1090.mp3 3743 3744 -1
1091.mp3 7686 7687 -1
1092.mp3 4396 4397 -1
1093.mp3 3691 3691 0
1094.mp3 3466 3467 -1
1095.mp3 5402 5403 -1
1096.mp3 3492 3493 -1
1097.mp3 3342 3343 -1
1098.mp3 4907 4908 -1
1099.mp3 3795 3796 -1
1100.mp3 5645 5646 -1
1101.mp3 5586 5587 -1
1102.mp3 4420 4421 -1
1103.mp3 3290 3291 -1
1104.mp3 3059 3060 -1
1105.mp3 4197 4198 -1
1106.mp3 2234 2235 -1
1107.mp3 4525 4526 -1
1108.mp3 3481 3482 -1
1109.mp3 3716 3717 -1
1110.mp3 3482 3483 -1
1111.mp3 3588 3589 -1
1112.mp3 3626 3627 -1
1113.mp3 5528 5529 -1
1114.mp3 4855 4856 -1
1115.mp3 3645 3646 -1
1116.mp3 3300 3301 -1
1117.mp3 3505 3506 -1
1118.mp3 3029 3030 -1
1119.mp3 3516 3517 -1
1120.mp3 3408 3409 -1
1121.mp3 3641 3642 -1
1122.mp3 3605 3606 -1
1123.mp3 3971 3972 -1
1124.mp3 3219 3220 -1
1125.mp3 3293 3294 -1
1126.mp3 3537 3538 -1
1127.mp3 3373 3374 -1
1128.mp3 3815 3816 -1
1129.mp3 3275 3276 -1
1130.mp3 3343 3344 -1
1131.mp3 3254 3255 -1
1132.mp3 3716 3718 -2
1133.mp3 3920 3921 -1
1134.mp3 3370 3371 -1
1135.mp3 3570 3571 -1
1136.mp3 3549 3550 -1
1137.mp3 3697 3698 -1
1138.mp3 3520 3521 -1
1139.mp3 4285 4286 -1
1140.mp3 3096 3097 -1
1141.mp3 3261 3262 -1
1142.mp3 3559 3561 -2
1143.mp3 3347 3348 -1
1144.mp3 3342 3343 -1
1145.mp3 3138 3139 -1
1146.mp3 2520 2521 -1
1147.mp3 3475 3476 -1
1148.mp3 2318 2319 -1
1149.mp3 2796 2797 -1
1150.mp3 3574 3575 -1
1151.mp3 2838 2839 -1
1152.mp3 3180 3181 -1
1153.mp3 3299 3300 -1
1154.mp3 3491 3492 -1
1155.mp3 3371 3372 -1
1156.mp3 3158 3159 -1
1157.mp3 3248 3249 -1
1158.mp3 3428 3429 -1
1159.mp3 3189 3190 -1
1160.mp3 3233 3234 -1
1161.mp3 3184 3185 -1
1162.mp3 3450 3451 -1
1163.mp3 1988 1989 -1
1164.mp3 4565 4566 -1
1165.mp3 4181 4182 -1
1166.mp3 3740 3741 -1
1167.mp3 3307 3308 -1
1168.mp3 3324 3325 -1
1169.mp3 3397 3398 -1
1170.mp3 3081 3082 -1
1171.mp3 3197 3198 -1
1172.mp3 3083 3084 -1
1173.mp3 3381 3382 -1
1174.mp3 3163 3164 -1
1175.mp3 3184 3185 -1
1176.mp3 3304 3306 -2
1177.mp3 3114 3115 -1
1178.mp3 3424 3425 -1
1179.mp3 3304 3305 -1
1180.mp3 3478 3479 -1
1181.mp3 3420 3421 -1
1182.mp3 3496 3497 -1
1183.mp3 3299 3300 -1
1184.mp3 3342 3343 -1
1185.mp3 3404 3405 -1
1186.mp3 3272 3273 -1
1187.mp3 3408 3280 128
1188.mp3 3278 3409 -131
1189.mp3 3397 3398 -1
1190.mp3 3476 3477 -1
1191.mp3 3376 3377 -1
1192.mp3 3226 3227 -1
1193.mp3 3226 3227 -1
1194.mp3 3513 3514 -1
1195.mp3 3682 3683 -1
1196.mp3 3264 3265 -1
1197.mp3 3448 3449 -1
1198.mp3 3074 3075 -1
1199.mp3 3506 3507 -1
1200.mp3 3312 3313 -1
1201.mp3 3339 3340 -1
1202.mp3 3682 3683 -1
1203.mp3 3006 3007 -1
1204.mp3 3606 3607 -1
1205.mp3 3400 3401 -1
1206.mp3 3669 3670 -1
1207.mp3 2957 2958 -1
1208.mp3 3285 3286 -1
1209.mp3 2988 2989 -1
1210.mp3 3489 3490 -1
1211.mp3 3092 3093 -1
1212.mp3 3172 3173 -1
1213.mp3 3104 3105 -1
1214.mp3 3391 3392 -1
1215.mp3 3037 3038 -1
1216.mp3 3436 3437 -1
1217.mp3 3843 3844 -1
1218.mp3 3562 3563 -1
1219.mp3 3307 3308 -1
1220.mp3 3172 3173 -1
1221.mp3 3726 3727 -1
1222.mp3 3617 3618 -1
1223.mp3 3283 3284 -1
1224.mp3 3184 3185 -1
1225.mp3 3720 3721 -1
1226.mp3 3338 3339 -1
1227.mp3 3715 3716 -1
1228.mp3 3186 3187 -1
1229.mp3 3169 3170 -1
1230.mp3 3140 3316 -176
1231.mp3 5447 5448 -1
1232.mp3 3798 3799 -1
1233.mp3 3772 3773 -1
1234.mp3 3839 3840 -1
1235.mp3 3588 3589 -1
1236.mp3 3684 3685 -1
1237.mp3 3280 3623 -343
1238.mp3 3693 3694 -1
1239.mp3 2921 2922 -1
1240.mp3 3235 3236 -1
1241.mp3 2971 2972 -1
1242.mp3 3469 3470 -1
1243.mp3 3228 3229 -1
1244.mp3 3393 3394 -1
1245.mp3 3409 3410 -1
1246.mp3 3494 3495 -1
1247.mp3 3712 3713 -1
1248.mp3 3874 3875 -1
1249.mp3 3460 3461 -1
1250.mp3 3596 3597 -1
1251.mp3 3411 3412 -1
1252.mp3 3494 3495 -1
1253.mp3 3079 3080 -1
1254.mp3 3450 3451 -1
1255.mp3 3447 3448 -1
1256.mp3 3466 3467 -1
1257.mp3 3667 3668 -1
1258.mp3 3543 3544 -1
1259.mp3 3530 3531 -1
1260.mp3 3646 3647 -1
1261.mp3 3216 3217 -1
1262.mp3 3529 3530 -1
1263.mp3 3470 3471 -1
1264.mp3 3516 3517 -1
1265.mp3 2886 2887 -1
1266.mp3 3540 3541 -1
1267.mp3 3523 3524 -1
1268.mp3 3531 3532 -1
1269.mp3 3339 3340 -1
1270.mp3 3577 3578 -1
1271.mp3 3398 3399 -1
1272.mp3 3387 3388 -1
1273.mp3 3352 3353 -1
1274.mp3 3205 3206 -1
1275.mp3 3446 3729 -283
1276.mp3 3172 3173 -1
1277.mp3 3114 3115 -1
1278.mp3 3223 3224 -1
1279.mp3 3549 3551 -2
1280.mp3 3324 3326 -2
1281.mp3 3138 3139 -1
1282.mp3 3418 3419 -1
1283.mp3 3302 3693 -391
1284.mp3 3274 3275 -1
1285.mp3 3254 3255 -1
1286.mp3 3269 3270 -1
1287.mp3 3508 3509 -1
1288.mp3 4348 4349 -1
1289.mp3 3326 3327 -1
1290.mp3 3972 3973 -1
1291.mp3 3677 3678 -1
1292.mp3 3212 3213 -1
1293.mp3 3254 3255 -1
1294.mp3 3345 3346 -1
1295.mp3 3467 3468 -1
1296.mp3 3325 3326 -1
1297.mp3 3469 3470 -1
1298.mp3 3013 3014 -1
1299.mp3 2422 2423 -1
1300.mp3 3430 3431 -1
1301.mp3 3020 3021 -1
1302.mp3 4335 4336 -1
1303.mp3 3059 3060 -1
1304.mp3 3572 3573 -1
1305.mp3 3528 3529 -1
1306.mp3 3370 3371 -1
1307.mp3 3595 3596 -1
1308.mp3 3663 3664 -1
1309.mp3 3669 4091 -422
1310.mp3 4328 4329 -1
1311.mp3 3238 3239 -1
1312.mp3 3495 3496 -1
1313.mp3 3505 3506 -1
1314.mp3 3241 3242 -1
1315.mp3 3402 3403 -1
1316.mp3 3555 3556 -1
1317.mp3 3454 3455 -1
1318.mp3 3505 3506 -1
1319.mp3 4453 4454 -1
1320.mp3 3202 3203 -1
1321.mp3 3287 3288 -1
1322.mp3 3579 3580 -1
1323.mp3 3036 3037 -1
1324.mp3 3489 3490 -1
1325.mp3 3717 3718 -1
1326.mp3 3433 3435 -2
1327.mp3 3514 3515 -1
1328.mp3 3550 3551 -1
1329.mp3 3258 3259 -1
1330.mp3 3447 3448 -1
1331.mp3 3112 4411 -1299
1332.mp3 3371 3372 -1
1333.mp3 3237 3951 -714
1334.mp3 3301 3302 -1
1335.mp3 3358 3359 -1
1336.mp3 3299 3300 -1
1337.mp3 3245 3246 -1
1338.mp3 3240 3730 -490
1339.mp3 3344 3459 -115
1340.mp3 3287 3288 -1
1341.mp3 3392 3393 -1
1342.mp3 3282 3283 -1
1343.mp3 3434 3435 -1
1344.mp3 3560 3561 -1
1345.mp3 3347 3348 -1
1346.mp3 3536 3537 -1
1347.mp3 3544 3545 -1
1348.mp3 3527 3528 -1
1349.mp3 3360 3361 -1
1350.mp3 3432 3433 -1
1351.mp3 3310 4196 -886
1352.mp3 3311 3312 -1
1353.mp3 3317 4284 -967
1354.mp3 3347 3348 -1
1355.mp3 3415 3416 -1
1356.mp3 3255 3320 -65
1357.mp3 3359 3360 -1
1358.mp3 3444 3445 -1
1359.mp3 3558 3559 -1
1360.mp3 3612 3613 -1
1361.mp3 3447 4061 -614
1362.mp3 3573 3574 -1
1363.mp3 3544 3545 -1
1364.mp3 4397 4398 -1
1365.mp3 3238 3239 -1
1366.mp3 3098 3099 -1
1367.mp3 3139 3140 -1
1368.mp3 3094 3095 -1
1369.mp3 3288 3289 -1
1370.mp3 3248 3249 -1
1371.mp3 3355 3356 -1
1372.mp3 3566 3567 -1
1373.mp3 3705 4441 -736
1374.mp3 3387 3388 -1
1375.mp3 3265 3266 -1
1376.mp3 3348 3349 -1
1377.mp3 3291 3292 -1
1378.mp3 3304 3305 -1
1379.mp3 3302 3303 -1
1380.mp3 3309 3310 -1
1381.mp3 3077 3078 -1
1382.mp3 3062 3063 -1
1383.mp3 3275 3277 -2
1384.mp3 3568 3569 -1
1385.mp3 3491 3492 -1
1386.mp3 3606 3607 -1
1387.mp3 4043 4044 -1
1388.mp3 3253 3254 -1
1389.mp3 3491 3492 -1
1390.mp3 3214 3215 -1
1391.mp3 3259 3260 -1
1392.mp3 3021 3022 -1
1393.mp3 3212 3213 -1
1394.mp3 3194 3195 -1
1395.mp3 3842 3843 -1
1396.mp3 3374 3375 -1
1397.mp3 4323 4324 -1
1398.mp3 3247 3248 -1
1399.mp3 3832 3833 -1
1400.mp3 3167 3683 -516
1401.mp3 3849 3850 -1
1402.mp3 3574 3575 -1
1403.mp3 3993 3994 -1
1404.mp3 3228 3229 -1
1405.mp3 4063 4064 -1
1406.mp3 3356 3357 -1
1407.mp3 3540 3541 -1
1408.mp3 3327 3328 -1
1409.mp3 3591 3592 -1
1410.mp3 3405 3405 0
1411.mp3 3161 3162 -1
1412.mp3 3861 4291 -430
1413.mp3 3007 3008 -1
1414.mp3 3052 3053 -1
1415.mp3 3863 3864 -1
1416.mp3 3270 3271 -1
1417.mp3 3285 4280 -995
1418.mp3 3938 3939 -1
1419.mp3 4421 4422 -1
1420.mp3 3071 3072 -1
1421.mp3 3339 3340 -1
1422.mp3 3608 3609 -1
1423.mp3 3392 3393 -1
1424.mp3 3544 3544 0
1425.mp3 3353 3354 -1
1426.mp3 3295 3296 -1
1427.mp3 3097 3098 -1
1428.mp3 4577 4578 -1
1429.mp3 2938 3503 -565
1430.mp3 3086 3087 -1
1431.mp3 3682 3683 -1
1432.mp3 3025 3026 -1
1433.mp3 3047 3048 -1
1434.mp3 3179 3180 -1
1435.mp3 3297 3298 -1
1436.mp3 2354 2355 -1
1437.mp3 4612 4613 -1
1438.mp3 3296 3297 -1
1439.mp3 3099 3100 -1
1440.mp3 3126 3461 -335
1441.mp3 3037 3038 -1
1442.mp3 3010 3011 -1
1443.mp3 3230 3231 -1
1444.mp3 3263 3264 -1
1445.mp3 3168 3169 -1
1446.mp3 3329 3330 -1
1447.mp3 3034 3035 -1
1448.mp3 3293 4341 -1048
1449.mp3 3362 3363 -1
1450.mp3 4426 4427 -1
1451.mp3 3394 3395 -1
1452.mp3 2958 2959 -1
1453.mp3 3174 4097 -923
1454.mp3 3287 3288 -1
1455.mp3 3234 3235 -1
1456.mp3 3371 3372 -1
1457.mp3 4116 4117 -1
1458.mp3 3397 3398 -1
1459.mp3 3739 3740 -1
1460.mp3 3191 3192 -1
1461.mp3 3202 3204 -2
1462.mp3 3035 3036 -1
1463.mp3 3003 3004 -1
1464.mp3 3122 4263 -1141
1465.mp3 4360 4361 -1
1466.mp3 3071 3072 -1
1467.mp3 3048 3166 -118
1468.mp3 3026 3027 -1
1469.mp3 3044 3045 -1
1470.mp3 3111 3112 -1
1471.mp3 4695 4696 -1
1472.mp3 3072 4430 -1358
1473.mp3 3026 3027 -1
1474.mp3 3153 3154 -1
1475.mp3 2981 2982 -1
1476.mp3 3467 3468 -1
1477.mp3 4418 4419 -1
1478.mp3 3666 3667 -1
1479.mp3 3307 3308 -1
1480.mp3 3280 3281 -1
1481.mp3 3257 4391 -1134
1482.mp3 3256 3257 -1
1483.mp3 3291 3292 -1
1484.mp3 3591 3910 -319
1485.mp3 3611 3612 -1
1486.mp3 3442 3443 -1
1487.mp3 3594 3595 -1
1488.mp3 3299 3300 -1
1489.mp3 3329 3330 -1
1490.mp3 3482 3483 -1
1491.mp3 3254 3255 -1
1492.mp3 3286 3287 -1
1493.mp3 3380 3381 -1
1494.mp3 3609 3610 -1
1495.mp3 3222 3223 -1
1496.mp3 3468 3469 -1
1497.mp3 3136 3137 -1
1498.mp3 3313 3314 -1
1499.mp3 3158 3159 -1
1500.mp3 3239 3240 -1
1501.mp3 3285 3286 -1
1502.mp3 3617 3618 -1
1503.mp3 3549 3550 -1
1504.mp3 3321 3378 -57
1505.mp3 3441 3442 -1
1506.mp3 3235 3724 -489
1507.mp3 3334 3335 -1
1508.mp3 3264 3265 -1
1509.mp3 3230 3231 -1
1510.mp3 3364 3365 -1
1511.mp3 3083 3084 -1
1512.mp3 2800 2801 -1
1513.mp3 3222 3223 -1
1514.mp3 3166 3167 -1
1515.mp3 3373 3729 -356
1516.mp3 3398 3399 -1
1517.mp3 3127 3128 -1
1518.mp3 3209 3210 -1
1519.mp3 3205 3206 -1
1520.mp3 3448 3449 -1
1521.mp3 3160 3161 -1
1522.mp3 3341 3342 -1
1523.mp3 3300 3301 -1
1524.mp3 3279 3280 -1
1525.mp3 2946 2947 -1
1526.mp3 3384 3385 -1
1527.mp3 3225 3226 -1
1528.mp3 3159 3160 -1
1529.mp3 3005 3006 -1
1530.mp3 3283 3284 -1
1531.mp3 3170 3171 -1
1532.mp3 2905 3501 -596
1533.mp3 3511 3512 -1
1534.mp3 3202 3203 -1
1535.mp3 3334 3335 -1
1536.mp3 3266 3602 -336
1537.mp3 3369 3370 -1
1538.mp3 3359 3360 -1
1539.mp3 3315 3577 -262
1540.mp3 3239 3240 -1
1541.mp3 3353 4238 -885
1542.mp3 3354 3355 -1
1543.mp3 3495 3496 -1
1544.mp3 3524 3525 -1
1545.mp3 3329 3330 -1
1546.mp3 3530 3531 -1
1547.mp3 3325 3326 -1
1548.mp3 3190 3191 -1
1549.mp3 2761 2762 -1
1550.mp3 3376 3377 -1
1551.mp3 2433 2434 -1
1552.mp3 3474 3475 -1
1553.mp3 3488 3489 -1
1554.mp3 3313 3314 -1
1555.mp3 3519 3520 -1
1556.mp3 3241 3242 -1
1557.mp3 3360 3361 -1
1558.mp3 3345 3346 -1
1559.mp3 2896 2897 -1
1560.mp3 3472 4062 -590
1561.mp3 3101 3102 -1
1562.mp3 3288 3289 -1
1563.mp3 2780 2781 -1
1564.mp3 3314 3315 -1
1565.mp3 2730 2731 -1
1566.mp3 3277 3278 -1
1567.mp3 3007 3008 -1
1568.mp3 3204 3205 -1
1569.mp3 2223 2224 -1
1570.mp3 2940 2941 -1
1571.mp3 3211 3255 -44
1572.mp3 3187 3188 -1
1573.mp3 3147 3148 -1
1574.mp3 3151 3152 -1
1575.mp3 3329 3330 -1
1576.mp3 3196 3197 -1
1577.mp3 3311 3312 -1
1578.mp3 3943 3944 -1
1579.mp3 2687 3759 -1072
1580.mp3 3395 3396 -1
1581.mp3 3490 3491 -1
1582.mp3 3173 3174 -1
1583.mp3 3552 3553 -1
1584.mp3 3254 3255 -1
1585.mp3 3234 3235 -1
1586.mp3 3746 3747 -1
1587.mp3 3681 3682 -1
1588.mp3 3074 3075 -1
1589.mp3 3284 3285 -1
1590.mp3 3273 3274 -1
1591.mp3 3201 3202 -1
1592.mp3 3157 3158 -1
1593.mp3 3718 3719 -1
1594.mp3 3436 3437 -1
1595.mp3 3210 3211 -1
1596.mp3 3464 3465 -1
1597.mp3 3268 3269 -1
1598.mp3 3393 3394 -1
1599.mp3 3511 3512 -1
1600.mp3 3420 3421 -1
1601.mp3 4133 4134 -1
1602.mp3 3540 3541 -1
1603.mp3 3853 3854 -1
1604.mp3 3704 3705 -1
1605.mp3 3570 3571 -1
1606.mp3 3268 3269 -1
1607.mp3 3440 4361 -921
1608.mp3 3775 3776 -1
1609.mp3 3262 3263 -1
1610.mp3 3579 3580 -1
1611.mp3 3353 3354 -1
1612.mp3 3194 3195 -1
1613.mp3 3244 3793 -549
1614.mp3 3300 3301 -1
1615.mp3 3533 3534 -1
1616.mp3 3483 3484 -1
1617.mp3 3144 3145 -1
1618.mp3 3477 3478 -1
1619.mp3 3624 3625 -1
1620.mp3 3472 3474 -2
1621.mp3 3972 3973 -1
1622.mp3 3704 3705 -1
1623.mp3 3495 3496 -1
1624.mp3 3113 3114 -1
1625.mp3 2154 2155 -1
1626.mp3 3415 3416 -1
1627.mp3 2217 2218 -1
1628.mp3 3153 4211 -1058
1629.mp3 2379 2380 -1
1630.mp3 3208 3209 -1
1631.mp3 2450 2451 -1
1632.mp3 3435 3436 -1
1633.mp3 3892 3893 -1
1634.mp3 2346 2347 -1
1635.mp3 3463 3464 -1
1636.mp3 3258 3259 -1
1637.mp3 3294 3295 -1
1638.mp3 3369 3370 -1
1639.mp3 3693 3694 -1
1640.mp3 3116 3117 -1
1641.mp3 3204 3637 -433
1642.mp3 3105 3106 -1
1643.mp3 3074 4107 -1033
1644.mp3 3603 3604 -1
1645.mp3 2184 2185 -1
1646.mp3 3372 3373 -1
1647.mp3 3290 3291 -1
1648.mp3 3326 3327 -1
1649.mp3 3332 3333 -1
1650.mp3 3338 3339 -1
1651.mp3 4518 5938 -1420
1652.mp3 3332 3333 -1
1653.mp3 3586 3587 -1
1654.mp3 3514 3917 -403
1655.mp3 3362 3363 -1
1656.mp3 2625 2626 -1
1657.mp3 2748 2749 -1
1658.mp3 3101 3102 -1
1659.mp3 2792 3581 -789
1660.mp3 3859 3860 -1
1661.mp3 2367 2368 -1
1662.mp3 3257 3258 -1
1663.mp3 3380 3381 -1
1664.mp3 2401 2402 -1
1665.mp3 3203 3204 -1
1666.mp3 2077 2078 -1
1667.mp3 3225 3226 -1
1668.mp3 2693 2922 -229
1669.mp3 3519 3520 -1
1670.mp3 4060 4061 -1
1671.mp3 3436 3437 -1
1672.mp3 2760 2761 -1
1673.mp3 3484 3485 -1
1674.mp3 3239 3240 -1
1675.mp3 3159 3160 -1
1676.mp3 3141 3143 -2
1677.mp3 3517 3518 -1
1678.mp3 3150 3152 -2
1679.mp3 3310 3311 -1
1680.mp3 3435 3436 -1
1681.mp3 3393 3395 -2
1682.mp3 3476 3477 -1
1683.mp3 3568 3569 -1
1684.mp3 3155 3156 -1
1685.mp3 3490 3491 -1
1686.mp3 4721 4722 -1
1687.mp3 3744 3745 -1
1688.mp3 3484 3817 -333
1689.mp3 3266 3267 -1
1690.mp3 3536 3537 -1
1691.mp3 4219 4220 -1
1692.mp3 3489 3490 -1
1693.mp3 3393 3394 -1
1694.mp3 3338 3339 -1
1695.mp3 3223 3651 -428
1696.mp3 3343 3344 -1
1697.mp3 3390 3391 -1
1698.mp3 3422 3423 -1
1699.mp3 3520 3521 -1
1700.mp3 3382 3383 -1
1701.mp3 3270 3271 -1
1702.mp3 3510 3511 -1
1703.mp3 3740 3741 -1
1704.mp3 3403 3404 -1
1705.mp3 3462 3463 -1
1706.mp3 3236 3237 -1
1707.mp3 3277 3278 -1
1708.mp3 3689 3690 -1
1709.mp3 3428 3430 -2
1710.mp3 3307 3380 -73
1711.mp3 3537 3538 -1
1712.mp3 3428 3429 -1
1713.mp3 3763 3764 -1
1714.mp3 3575 3576 -1
1715.mp3 3320 3379 -59
1716.mp3 3742 3743 -1
1717.mp3 2466 2467 -1
1718.mp3 2976 2977 -1
1719.mp3 3462 3463 -1
1720.mp3 3340 3892 -552
1721.mp3 3729 3730 -1
1722.mp3 3774 3775 -1
1723.mp3 3735 3736 -1
1724.mp3 3604 3605 -1
1725.mp3 3844 3845 -1
1726.mp3 3471 3472 -1
1727.mp3 3365 3367 -2
1728.mp3 3132 3133 -1
1729.mp3 3341 3342 -1
1730.mp3 3360 3361 -1
1731.mp3 3372 3373 -1
1732.mp3 3618 3619 -1
1733.mp3 3804 3805 -1
1734.mp3 3281 3282 -1
1735.mp3 3473 3474 -1
1736.mp3 3337 3338 -1
1737.mp3 2145 4256 -2111
1738.mp3 2000 2001 -1
1739.mp3 2080 2081 -1
1740.mp3 1990 3938 -1948
1741.mp3 1766 3534 -1768
1742.mp3 1813 1814 -1
1743.mp3 1865 1866 -1
1744.mp3 1984 3992 -2008
1745.mp3 2142 2143 -1
1746.mp3 1696 3499 -1803
1747.mp3 1560 1956 -396
1748.mp3 2417 2418 -1
1749.mp3 1737 2859 -1122
1750.mp3 1402 1403 -1
1751.mp3 1518 1519 -1
1752.mp3 1411 1412 -1
1753.mp3 1659 1660 -1
1754.mp3 1490 2639 -1149
1755.mp3 1748 3869 -2121
1756.mp3 1679 1680 -1
1757.mp3 1616 2840 -1224
1758.mp3 1612 1613 -1
1759.mp3 1646 1647 -1
1760.mp3 1875 1876 -1
1761.mp3 1789 1790 -1
1762.mp3 1725 1726 -1
1763.mp3 2228 3421 -1193
1764.mp3 1633 1634 -1
1765.mp3 1740 1741 -1
1766.mp3 2165 2166 -1
1767.mp3 1476 1477 -1
1768.mp3 1695 1696 -1
1769.mp3 1720 1721 -1
1770.mp3 1749 3319 -1570
1771.mp3 1737 1739 -2
1772.mp3 1910 1911 -1
1773.mp3 1827 2165 -338
1774.mp3 1831 1832 -1
1775.mp3 1977 1978 -1
1776.mp3 2019 2020 -1
1777.mp3 2041 2042 -1
1778.mp3 1943 1944 -1
1779.mp3 2384 3835 -1451
1780.mp3 1919 1920 -1
1781.mp3 1779 2998 -1219
1782.mp3 2064 4323 -2259
1783.mp3 1860 2614 -754
1784.mp3 1938 3200 -1262
1785.mp3 2084 2085 -1
1786.mp3 2256 2257 -1
1787.mp3 2587 2737 -150
1788.mp3 2613 2614 -1
1789.mp3 2428 2429 -1
1790.mp3 2936 2937 -1
1791.mp3 3385 3386 -1
1792.mp3 2725 4366 -1641
1793.mp3 3073 3074 -1
1794.mp3 2777 4015 -1238
1795.mp3 1471 1891 -420
1796.mp3 2237 2238 -1
1797.mp3 1301 1302 -1
1798.mp3 1873 1874 -1
1799.mp3 1888 3615 -1727
1800.mp3 2189 4010 -1821
1801.mp3 2104 2928 -824
1802.mp3 2405 2406 -1
1803.mp3 2224 3391 -1167
1804.mp3 2366 2453 -87
1805.mp3 2121 3713 -1592
1806.mp3 2268 2269 -1
1807.mp3 2121 4149 -2028
1808.mp3 2475 2476 -1
1809.mp3 2384 3623 -1239
1810.mp3 2801 2802 -1
1811.mp3 1984 1985 -1
1812.mp3 2731 2732 -1
1813.mp3 2965 2966 -1
1814.mp3 2873 3479 -606
1815.mp3 2766 2767 -1
1816.mp3 3647 3648 -1
1817.mp3 2904 2982 -78
1818.mp3 2695 4296 -1601
1819.mp3 3043 3044 -1
1820.mp3 2722 2723 -1
1821.mp3 2824 2825 -1
1822.mp3 2766 2767 -1
1823.mp3 2893 2894 -1
1824.mp3 3129 3130 -1
1825.mp3 3724 3725 -1
1826.mp3 2695 2696 -1
1827.mp3 3124 3125 -1
1828.mp3 2653 3479 -826
1829.mp3 2517 4288 -1771
1830.mp3 2980 2981 -1
1831.mp3 3250 3251 -1
1832.mp3 2996 2997 -1
1833.mp3 3125 3126 -1
1834.mp3 3111 3112 -1
1835.mp3 3256 3257 -1
1836.mp3 3424 3425 -1
1837.mp3 3159 3160 -1
1838.mp3 3553 3554 -1
1839.mp3 2733 2734 -1
1840.mp3 1936 1938 -2
1841.mp3 3195 3196 -1
1842.mp3 3104 3105 -1
1843.mp3 3198 3199 -1
1844.mp3 3107 3108 -1
1845.mp3 3184 3185 -1
1846.mp3 3134 3135 -1
1847.mp3 3013 3014 -1
1848.mp3 3150 3152 -2
1849.mp3 3083 3798 -715
1850.mp3 3244 3245 -1
1851.mp3 3598 3599 -1
1852.mp3 3234 3235 -1
1853.mp3 3190 3191 -1
1854.mp3 3069 3070 -1
1855.mp3 3131 3132 -1
1856.mp3 2982 2983 -1
1857.mp3 3304 4414 -1110
1858.mp3 3840 3841 -1
1859.mp3 3226 3227 -1
1860.mp3 2923 3907 -984
1861.mp3 3258 3259 -1
1862.mp3 3506 4153 -647
1863.mp3 3251 3683 -432
1864.mp3 3604 3605 -1
1865.mp3 3079 3080 -1
1866.mp3 2351 2352 -1
1867.mp3 3174 3175 -1
1868.mp3 3244 3245 -1
1869.mp3 3240 3241 -1
1870.mp3 3344 3345 -1
1871.mp3 1146 1147 -1
1872.mp3 3097 3098 -1
1873.mp3 3228 3229 -1
1874.mp3 3144 3145 -1
1875.mp3 3578 3579 -1
1876.mp3 3449 3643 -194
1877.mp3 3554 3555 -1
1878.mp3 3438 3439 -1
1879.mp3 3648 3649 -1
1880.mp3 3674 3675 -1
1881.mp3 3194 3195 -1
1882.mp3 4452 4453 -1
1883.mp3 3300 3301 -1
1884.mp3 1008 1009 -1
1885.mp3 3176 3177 -1
1886.mp3 2959 2960 -1
1887.mp3 1402 1420 -18
1888.mp3 2217 3279 -1062
1889.mp3 3118 4376 -1258
1890.mp3 4036 4037 -1
1891.mp3 3505 3506 -1
1892.mp3 3690 3691 -1
1893.mp3 3893 3894 -1
1894.mp3 3539 3540 -1
1895.mp3 3399 3400 -1
1896.mp3 3457 3458 -1
1897.mp3 2379 2380 -1
1898.mp3 2955 2956 -1
1899.mp3 3220 3221 -1
1900.mp3 2837 2838 -1
1901.mp3 2719 2720 -1
1902.mp3 3289 3338 -49
1903.mp3 3230 3231 -1
1904.mp3 3380 3382 -2
1905.mp3 3320 3321 -1
1906.mp3 3205 3206 -1
1907.mp3 2846 2847 -1
1908.mp3 3267 3268 -1
1909.mp3 3790 3791 -1
1910.mp3 4329 4330 -1
1911.mp3 4181 4182 -1
1912.mp3 3137 3138 -1
1913.mp3 3337 3338 -1
1914.mp3 2495 2496 -1
1915.mp3 2539 2540 -1
1916.mp3 3227 3228 -1
1917.mp3 3261 3262 -1
1918.mp3 2365 2366 -1
1919.mp3 3015 3016 -1
1920.mp3 2873 3649 -776
1921.mp3 3176 3177 -1
1922.mp3 3704 3705 -1
1923.mp3 3013 3014 -1
1924.mp3 2951 2952 -1
1925.mp3 3044 3045 -1
1926.mp3 3035 3036 -1
1927.mp3 2902 2903 -1
1928.mp3 3326 3327 -1
1929.mp3 2942 2943 -1
1930.mp3 2925 2938 -13
1931.mp3 3046 3047 -1
1932.mp3 3146 3147 -1
1933.mp3 3445 3446 -1
1934.mp3 3708 3709 -1
1935.mp3 3067 3997 -930
1936.mp3 3019 3020 -1
1937.mp3 2485 2486 -1
1938.mp3 2479 2480 -1
1939.mp3 3086 3087 -1
1940.mp3 2870 2871 -1
1941.mp3 2420 2421 -1
1942.mp3 2823 2824 -1
1943.mp3 3132 3133 -1
1944.mp3 3145 4447 -1302
1945.mp3 2209 4257 -2048
1946.mp3 3412 3413 -1
1947.mp3 3523 3753 -230
1948.mp3 2718 4443 -1725
1949.mp3 1388 1389 -1
1950.mp3 2534 2535 -1
1951.mp3 2314 2758 -444
1952.mp3 2929 2930 -1
1953.mp3 1939 1940 -1
1954.mp3 1825 1826 -1
1955.mp3 2319 3571 -1252
1956.mp3 1895 1896 -1
1957.mp3 1930 1931 -1
1958.mp3 2142 2143 -1
1959.mp3 3814 3815 -1
1960.mp3 3799 3800 -1
1961.mp3 2304 2305 -1
1962.mp3 2239 4444 -2205
1963.mp3 2330 2331 -1
1964.mp3 2249 2250 -1
1965.mp3 2084 2085 -1
1966.mp3 2306 2307 -1
1967.mp3 2049 2050 -1
1968.mp3 3184 3469 -285
1969.mp3 2226 2227 -1
1970.mp3 3027 3028 -1
1971.mp3 2922 2923 -1
1972.mp3 2769 4228 -1459
1973.mp3 1904 3719 -1815
1974.mp3 1229 1723 -494
1975.mp3 1646 1647 -1
1976.mp3 1640 3278 -1638
1977.mp3 3444 3445 -1
1978.mp3 2051 4063 -2012
1979.mp3 2247 2248 -1
1980.mp3 1670 1671 -1
1981.mp3 1755 3516 -1761
1982.mp3 1418 1419 -1
1983.mp3 1711 1948 -237
1984.mp3 1665 2606 -941
1985.mp3 1631 1843 -212
1986.mp3 1536 1537 -1
1987.mp3 1628 1629 -1
1988.mp3 1749 2107 -358
1989.mp3 1712 1713 -1
1990.mp3 1714 1715 -1
1991.mp3 2651 3053 -402
1992.mp3 3267 3268 -1
1993.mp3 1643 1644 -1
1994.mp3 1599 3366 -1767
1995.mp3 1686 3802 -2116
1996.mp3 1707 2369 -662
1997.mp3 1544 3225 -1681
1998.mp3 1863 1864 -1
1999.mp3 1810 3471 -1661
2000.mp3 1601 2009 -408
2001.mp3 1667 2820 -1153
2002.mp3 1695 1696 -1
2003.mp3 1848 1849 -1
2004.mp3 1540 1541 -1
2005.mp3 1725 1726 -1
2006.mp3 1790 1791 -1
2007.mp3 1867 1868 -1
2008.mp3 1721 2654 -933
2009.mp3 1759 1760 -1
2010.mp3 1631 1632 -1
2011.mp3 1596 2547 -951
2012.mp3 1494 1495 -1
2013.mp3 1599 2592 -993
2014.mp3 1897 1898 -1
2015.mp3 1871 2096 -225
2016.mp3 1868 3077 -1209
2017.mp3 1654 1762 -108
2018.mp3 3061 4468 -1407
2019.mp3 3658 3660 -2
2020.mp3 2282 2283 -1
2021.mp3 2900 2901 -1
2022.mp3 3035 3036 -1
2023.mp3 3426 3427 -1
2024.mp3 1500 1501 -1
2025.mp3 1975 3909 -1934
2026.mp3 1904 3229 -1325
2027.mp3 1827 4130 -2303
2028.mp3 1505 2815 -1310
2029.mp3 3095 3096 -1
2030.mp3 3346 3348 -2
2031.mp3 3275 3276 -1
2032.mp3 3182 3183 -1
2033.mp3 3223 3224 -1
2034.mp3 2628 2629 -1
2035.mp3 3104 3105 -1
2036.mp3 3186 3187 -1
2037.mp3 2718 2719 -1
2038.mp3 2919 2920 -1
2039.mp3 3495 3496 -1
2040.mp3 3052 3053 -1
2041.mp3 2727 2728 -1
2042.mp3 3403 3404 -1
2043.mp3 1759 1760 -1
2044.mp3 3377 3378 -1
2045.mp3 1852 3879 -2027
2046.mp3 4098 4099 -1
2047.mp3 857 858 -1
2048.mp3 3426 3427 -1
2049.mp3 1447 1448 -1
2050.mp3 2945 2946 -1
2051.mp3 1370 1371 -1
2052.mp3 3248 3249 -1
2053.mp3 3155 3156 -1
2054.mp3 2779 2780 -1
2055.mp3 3521 3522 -1
2056.mp3 3474 3475 -1
2057.mp3 3237 3238 -1
2058.mp3 936 937 -1
2059.mp3 3552 3553 -1
2060.mp3 3771 3772 -1
2061.mp3 3350 3351 -1
2062.mp3 1218 1219 -1
2063.mp3 3652 3653 -1
2064.mp3 2162 2163 -1
2065.mp3 2143 2144 -1
2066.mp3 1749 3535 -1786
2067.mp3 1881 3572 -1691
2068.mp3 2063 2064 -1
2069.mp3 2180 2181 -1
2070.mp3 2474 2475 -1
2071.mp3 2649 2650 -1
2072.mp3 2490 3185 -695
2073.mp3 2522 2523 -1
2074.mp3 1804 1805 -1
2075.mp3 2068 2069 -1
2076.mp3 2904 2905 -1
2077.mp3 3243 3660 -417
2078.mp3 3434 3435 -1
2079.mp3 3726 3727 -1
2080.mp3 3098 3099 -1
2081.mp3 3100 3586 -486
2082.mp3 3636 3637 -1
2083.mp3 3320 3321 -1
2084.mp3 3550 3551 -1
2085.mp3 3374 3375 -1
2086.mp3 4400 4401 -1
2087.mp3 3005 3006 -1
2088.mp3 3398 3399 -1
2089.mp3 3047 3048 -1
2090.mp3 3109 3110 -1
2091.mp3 3593 4415 -822
2092.mp3 3333 3334 -1
2093.mp3 2976 2977 -1
2094.mp3 3409 3410 -1
2095.mp3 2995 2996 -1
2096.mp3 3040 3041 -1
2097.mp3 3166 3168 -2
2098.mp3 3312 3313 -1
2099.mp3 3665 3666 -1
2100.mp3 3390 3391 -1
2101.mp3 3639 3640 -1
2102.mp3 3208 3709 -501
2103.mp3 3135 3136 -1
2104.mp3 3327 3328 -1
2105.mp3 3101 3102 -1
2106.mp3 3461 3462 -1
2107.mp3 3611 3612 -1
2108.mp3 3083 3084 -1
2109.mp3 3123 3124 -1
2110.mp3 2437 2438 -1
2111.mp3 3704 3705 -1
2112.mp3 3302 3303 -1
2113.mp3 3603 3604 -1
2114.mp3 3192 4261 -1069
2115.mp3 1542 3868 -2326
2116.mp3 3717 3718 -1
