1007.mp3 3268 3200 68
1009.mp3 3199 3269 -70
1187.mp3 3408 3280 128
1188.mp3 3278 3409 -131
1230.mp3 3140 3316 -176
1237.mp3 3280 3623 -343
1275.mp3 3446 3729 -283
1283.mp3 3302 3693 -391
1309.mp3 3669 4091 -422
1331.mp3 3112 4411 -1299
1333.mp3 3237 3951 -714
1338.mp3 3240 3730 -490
1339.mp3 3344 3459 -115
1351.mp3 3310 4196 -886
1353.mp3 3317 4284 -967
1356.mp3 3255 3320 -65
1361.mp3 3447 4061 -614
1373.mp3 3705 4441 -736
1400.mp3 3167 3683 -516
1412.mp3 3861 4291 -430
1417.mp3 3285 4280 -995
1429.mp3 2938 3503 -565
1440.mp3 3126 3461 -335
1448.mp3 3293 4341 -1048
1453.mp3 3174 4097 -923
1464.mp3 3122 4263 -1141
1467.mp3 3048 3166 -118
1472.mp3 3072 4430 -1358
1481.mp3 3257 4391 -1134
1484.mp3 3591 3910 -319
1504.mp3 3321 3378 -57
1506.mp3 3235 3724 -489
1515.mp3 3373 3729 -356
1532.mp3 2905 3501 -596
1536.mp3 3266 3602 -336
1539.mp3 3315 3577 -262
1541.mp3 3353 4238 -885
1560.mp3 3472 4062 -590
1571.mp3 3211 3255 -44
1579.mp3 2687 3759 -1072
1607.mp3 3440 4361 -921
1613.mp3 3244 3793 -549
1628.mp3 3153 4211 -1058
1641.mp3 3204 3637 -433
1643.mp3 3074 4107 -1033
1651.mp3 4518 5938 -1420
1654.mp3 3514 3917 -403
1659.mp3 2792 3581 -789
1668.mp3 2693 2922 -229
1688.mp3 3484 3817 -333
1695.mp3 3223 3651 -428
1710.mp3 3307 3380 -73
1715.mp3 3320 3379 -59
1720.mp3 3340 3892 -552
1737.mp3 2145 4256 -2111
1740.mp3 1990 3938 -1948
1741.mp3 1766 3534 -1768
1744.mp3 1984 3992 -2008
1746.mp3 1696 3499 -1803
1747.mp3 1560 1956 -396
1749.mp3 1737 2859 -1122
1754.mp3 1490 2639 -1149
1755.mp3 1748 3869 -2121
1757.mp3 1616 2840 -1224
1763.mp3 2228 3421 -1193
1770.mp3 1749 3319 -1570
1773.mp3 1827 2165 -338
1779.mp3 2384 3835 -1451
1781.mp3 1779 2998 -1219
1782.mp3 2064 4323 -2259
1783.mp3 1860 2614 -754
1784.mp3 1938 3200 -1262
1787.mp3 2587 2737 -150
1792.mp3 2725 4366 -1641
1794.mp3 2777 4015 -1238
1795.mp3 1471 1891 -420
1799.mp3 1888 3615 -1727
1800.mp3 2189 4010 -1821
1801.mp3 2104 2928 -824
1803.mp3 2224 3391 -1167
1804.mp3 2366 2453 -87
1805.mp3 2121 3713 -1592
1807.mp3 2121 4149 -2028
1809.mp3 2384 3623 -1239
1814.mp3 2873 3479 -606
1817.mp3 2904 2982 -78
1818.mp3 2695 4296 -1601
1828.mp3 2653 3479 -826
1829.mp3 2517 4288 -1771
1849.mp3 3083 3798 -715
1857.mp3 3304 4414 -1110
1860.mp3 2923 3907 -984
1862.mp3 3506 4153 -647
1863.mp3 3251 3683 -432
1876.mp3 3449 3643 -194
1887.mp3 1402 1420 -18
1888.mp3 2217 3279 -1062
1889.mp3 3118 4376 -1258
1902.mp3 3289 3338 -49
1920.mp3 2873 3649 -776
1930.mp3 2925 2938 -13
1935.mp3 3067 3997 -930
1944.mp3 3145 4447 -1302
1945.mp3 2209 4257 -2048
1947.mp3 3523 3753 -230
1948.mp3 2718 4443 -1725
1951.mp3 2314 2758 -444
1955.mp3 2319 3571 -1252
1962.mp3 2239 4444 -2205
1968.mp3 3184 3469 -285
1972.mp3 2769 4228 -1459
1973.mp3 1904 3719 -1815
1974.mp3 1229 1723 -494
1976.mp3 1640 3278 -1638
1978.mp3 2051 4063 -2012
1981.mp3 1755 3516 -1761
1983.mp3 1711 1948 -237
1984.mp3 1665 2606 -941
1985.mp3 1631 1843 -212
1988.mp3 1749 2107 -358
1991.mp3 2651 3053 -402
1994.mp3 1599 3366 -1767
1995.mp3 1686 3802 -2116
1996.mp3 1707 2369 -662
1997.mp3 1544 3225 -1681
1999.mp3 1810 3471 -1661
2000.mp3 1601 2009 -408
2001.mp3 1667 2820 -1153
2008.mp3 1721 2654 -933
2011.mp3 1596 2547 -951
2013.mp3 1599 2592 -993
2015.mp3 1871 2096 -225
2016.mp3 1868 3077 -1209
2017.mp3 1654 1762 -108
2018.mp3 3061 4468 -1407
2025.mp3 1975 3909 -1934
2026.mp3 1904 3229 -1325
2027.mp3 1827 4130 -2303
2028.mp3 1505 2815 -1310
2045.mp3 1852 3879 -2027
2066.mp3 1749 3535 -1786
2067.mp3 1881 3572 -1691
2072.mp3 2490 3185 -695
2077.mp3 3243 3660 -417
2081.mp3 3100 3586 -486
2091.mp3 3593 4415 -822
2102.mp3 3208 3709 -501
2114.mp3 3192 4261 -1069
2115.mp3 1542 3868 -2326
