1230
1237
1275
1283
1309
1331
1333
1338
1339
1351
1353
1356
1361
1373
1400
1412
1417
1429
1440
1448
1453
1464
1467
1472
1481
1484
1504
1506
1515
1532
1536
1539
1541
1560
1571
1579
1607
1613
1628
1641
1643
1651
1654
1659
1668
1688
1695
1710
1715
1720
1737
1740
1741
1744
1746
1747
1749
1754
1755
1757
1763
1770
1773
1779
1781
1782
1783
1784
1787
1792
1794
1795
1799
1800
1801
1803
1804
1805
1807
1809
1814
1817
1818
1828
1829
1849
1857
1860
1862
1863
1876
1887
1888
1889
1902
1920
1930
1935
1944
1945
1947
1948
1951
1955
1962
1968
1972
1973
1974
1976
1978
1981
1983
1984
1985
1988
1991
1994
1995
1996
1997
1999
2000
2001
2008
2011
2013
2015
2016
2017
2018
2025
2026
2027
2028
2045
2066
2067
2072
2077
2081
2091
2102
2114
2115
2124
2149
2160
2187
2193
2212
2216
2240
2244
2256
2263
2265
2266
2271
2279